3,13,16
8,32,40
5,27,32
3,10,13
0,1,1
0,1,1
2,0,2
1,2,3
1,7,8
8,6,14
12,24,36
26,30,56
29,55,84
47,47,94
35,71,106
40,70,110
41,52,93
15,52,67
9,26,35
6,31,37
11,25,36
3,31,34
11,17,28
15,24,39
4,13,17
1,16,17
1,8,9
2,4,6
2,1,3
0,2,2
0,1,1
0,8,8
1,19,20
7,46,53
16,54,70
20,73,93
11,64,75
4,55,59
19,55,74
9,67,76
7,58,65
10,43,53
1,29,30
5,17,22
11,20,31
0,9,9
0,8,8
0,5,5
0,2,2
0,1,1
0,3,3
0,30,30
1,63,64
1,153,154
7,81,88
11,33,44
10,41,51
13,48,61
8,53,61
11,66,77
14,58,72
9,67,76
11,146,157
9,148,157
8,102,110
3,49,52
3,49,52
0,20,20
1,11,12
0,5,5
0,2,2
0,1,1
0,2,2
0,4,4
0,36,36
2,92,94
2,177,179
2,98,100
5,37,42
7,50,57
12,66,78
18,79,97
9,54,63
17,48,65
15,68,83
10,202,212
3,179,182
2,110,112
1,53,54
0,48,48
1,34,35
2,9,11
0,6,6
0,6,6
0,2,2
0,2,2
0,3,3
0,33,33
1,87,88
3,192,195
6,109,115
4,53,57
12,34,46
5,74,79
6,65,71
10,52,62
7,55,62
4,85,89
4,186,190
3,166,169
5,127,132
7,82,89
3,40,43
1,41,42
1,18,19
0,11,11
0,4,4
0,2,2
0,1,1
0,4,4
0,36,36
0,95,95
3,216,219
6,116,122
3,42,45
2,57,59
6,78,84
12,55,67
11,59,70
8,54,62
12,74,86
9,163,172
5,158,163
3,109,112
3,66,69
0,48,48
1,51,52
4,19,23
4,13,17
2,5,7
0,1,1
0,1,1
0,5,5
8,26,34
8,76,84
20,190,210
9,125,134
16,47,63
19,48,67
9,50,59
9,64,73
7,43,50
9,63,72
5,82,87
9,178,187
7,116,123
3,92,95
1,50,51
0,39,39
2,34,36
1,14,15
1,24,25
1,15,16
3,13,16
0,7,7
0,1,1
0,5,5
0,2,2
1,8,9
0,15,15
0,20,20
5,56,61
2,60,62
8,90,98
7,95,102
12,83,95
5,69,74
8,68,76
5,64,69
3,52,55
4,26,30
0,28,28
2,35,37
1,33,34
0,22,22
1,24,25
0,12,12
0,11,11
0,4,4
0,1,1
0,1,1
0,1,1
1,5,6
0,10,10
0,19,19
0,49,49
2,47,49
4,79,83
6,69,75
8,64,72
5,77,82
13,79,92
3,59,62
4,44,48
1,40,41
0,38,38
1,19,20
5,10,15
0,6,6
2,3,5
1,0,1
0,3,3
0,1,1
1,2,3
0,3,3
0,31,31
2,75,77
4,184,188
2,92,94
0,31,31
2,28,30
5,47,52
4,50,54
0,47,47
2,43,45
4,70,74
4,174,178
1,154,155
3,92,95
1,73,74
1,37,38
2,22,24
0,18,18
2,10,12
0,3,3
0,3,3
0,6,6
0,27,27
2,97,99
3,214,217
3,127,130
3,51,54
4,31,35
2,55,57
6,46,52
3,60,63
2,45,47
4,72,76
6,130,136
1,94,95
0,51,51
0,32,32
0,20,20
1,28,29
1,18,19
0,7,7
0,6,6
0,1,1
0,5,5
0,16,16
0,54,54
3,125,128
3,78,81
0,39,39
3,32,35
3,52,55
0,49,49
0,44,44
1,48,49
5,63,68
0,139,139
2,135,137
1,82,83
2,54,56
0,57,57
1,32,33
1,19,20
1,6,7
0,2,2
0,2,2
0,3,3
0,4,4
0,3,3
0,28,28
0,72,72
5,197,202
2,137,139
2,36,38
4,33,37
3,49,52
2,81,83
3,39,42
5,55,60
2,76,78
4,158,162
3,141,144
1,98,99
0,64,64
0,40,40
0,30,30
1,14,15
0,14,14
0,5,5
0,1,1
0,1,1
0,8,8
0,17,17
0,70,70
2,156,158
0,117,117
4,40,44
6,47,53
2,59,61
4,73,77
5,59,64
9,59,68
3,87,90
4,155,159
5,134,139
3,89,92
0,68,68
4,48,52
2,34,36
1,26,27
3,25,28
2,18,20
0,12,12
1,7,8
0,5,5
0,1,1
1,2,3
1,9,10
1,22,23
2,31,33
2,57,59
18,54,72
15,74,89
21,80,101
26,92,118
21,108,129
33,95,128
29,54,83
15,69,84
14,60,74
6,35,41
6,51,57
0,26,26
5,39,44
6,33,39
4,19,23
3,13,16
9,6,15
0,1,1
1,1,2
0,1,1
0,3,3
0,18,18
3,29,32
8,71,79
23,70,93
29,75,104
23,95,118
22,69,91
35,78,113
22,77,99
23,82,105
11,56,67
14,47,61
7,50,57
6,22,28
2,19,21
0,18,18
1,16,17
1,15,16
0,8,8
0,2,2
1,2,3
0,1,1
0,5,5
4,9,13
3,30,33
8,39,47
7,50,57
9,55,64
10,70,80
13,80,93
12,74,86
21,72,93
6,76,82
4,67,71
7,85,92
2,58,60
4,29,33
3,24,27
0,13,13
1,3,4
0,3,3
0,22,22
2,26,28
3,32,35
0,61,61
1,124,125
1,132,133
1,98,99
0,83,83
0,41,41
0,33,33
1,19,20
0,3,3
1,6,7
0,3,3
1,1,2
0,7,7
0,32,32
1,89,90
1,196,197
2,107,109
1,46,47
5,47,52
5,65,70
11,67,78
7,68,75
4,78,82
10,94,104
7,190,197
5,156,161
4,108,112
2,74,76
4,55,59
6,53,59
1,27,28
2,6,8
0,3,3
0,2,2
0,2,2
0,3,3
0,22,22
0,52,52
3,132,135
2,114,116
0,47,47
2,49,51
2,53,55
3,49,52
5,49,54
7,45,52
3,61,64
4,172,176
3,165,168
3,105,108
5,69,74
0,64,64
2,34,36
1,15,16
0,2,2
0,3,3
4,0,4
0,1,1
0,1,1
0,3,3
1,17,18
1,48,49
1,154,155
4,119,123
2,59,61
5,47,52
3,61,64
1,74,75
2,61,63
10,66,76
8,95,103
7,183,190
7,175,182
3,88,91
4,71,75
1,62,63
5,35,40
3,29,32
1,11,12
0,5,5
0,2,2
0,1,1
0,2,2
0,39,39
1,86,87
4,184,188
6,127,133
2,50,52
9,55,64
2,67,69
4,47,51
4,43,47
4,56,60
5,73,78
5,170,175
2,145,147
4,92,96
1,108,109
1,53,54
2,39,41
4,34,38
3,10,13
0,7,7
0,1,1
0,1,1
0,7,7
2,26,28
0,87,87
3,217,220
3,124,127
5,46,51
3,61,64
8,78,86
9,73,82
15,76,91
9,81,90
8,91,99
10,195,205
3,152,155
1,102,103
2,69,71
2,41,43
1,45,46
1,30,31
3,36,39
1,17,18
5,12,17
1,10,11
0,8,8
0,9,9
0,4,4
0,4,4
0,10,10
3,17,20
3,31,34
1,46,47
10,42,52
10,62,72
5,50,55
11,49,60
8,63,71
14,64,78
2,81,83
6,78,84
5,64,69
3,53,56
2,43,45
7,52,59
2,37,39
4,40,44
0,20,20
3,10,13
0,2,2
0,1,1
0,1,1
0,8,8
2,21,23
7,38,45
15,74,89
28,89,117
48,126,174
47,135,182
47,114,161
52,130,182
42,115,157
24,97,121
13,65,78
1,20,21
5,21,26
5,22,27
5,57,62
4,26,30
1,14,15
1,4,5
0,3,3
0,1,1
1,1,2
1,9,10
1,29,30
6,89,95
7,223,230
3,115,118
6,49,55
11,36,47
7,59,66
10,54,64
8,52,60
4,46,50
16,98,114
9,207,216
5,170,175
5,123,128
6,82,88
3,75,78
3,34,37
6,19,25
4,6,10
0,4,4
1,1,2
0,1,1
0,3,3
0,2,2
0,39,39
3,97,100
7,236,243
7,128,135
4,44,48
1,49,50
2,63,65
2,48,50
3,61,64
6,45,51
4,79,83
4,172,176
1,151,152
1,100,101
3,53,56
8,46,54
0,29,29
3,9,12
0,17,17
0,7,7
1,2,3
0,2,2
0,7,7
0,43,43
4,95,99
1,198,199
4,119,123
8,51,59
1,40,41
4,57,61
2,67,69
2,56,58
3,61,64
7,72,79
9,157,166
2,168,170
1,87,88
0,84,84
0,83,83
4,42,46
0,37,37
0,16,16
0,7,7
0,3,3
0,1,1
0,6,6
0,26,26
0,99,99
5,173,178
1,121,122
1,34,35
1,44,45
4,65,69
3,59,62
6,42,48
0,50,50
4,76,80
6,159,165
3,157,160
2,110,112
4,93,97
2,70,72
4,47,51
1,33,34
2,12,14
1,6,7
0,3,3
0,4,4
1,23,24
1,73,74
4,212,216
8,132,140
5,39,44
12,52,64
7,64,71
21,89,110
17,67,84
12,62,74
14,111,125
18,193,211
9,165,174
7,94,101
2,61,63
1,46,47
2,41,43
5,48,53
3,27,30
2,22,24
2,13,15
3,7,10
0,4,4
0,1,1
1,1,2
2,9,11
2,28,30
5,38,43
13,71,84
30,84,114
27,93,120
32,103,135
30,90,120
47,127,174
42,103,145
24,113,137
4,60,64
2,39,41
1,39,40
9,42,51
6,39,45
1,31,32
5,34,39
1,23,24
1,19,20
4,8,12
0,2,2
2,3,5
0,3,3
1,11,12
12,35,47
19,86,105
26,86,112
58,94,152
62,92,154
51,110,161
40,122,162
28,106,134
30,95,125
17,78,95
11,50,61
15,32,47
6,45,51
5,31,36
3,27,30
3,8,11
1,6,7
0,2,2
1,1,2
0,2,2
0,3,3
1,25,26
2,96,98
7,249,256
8,122,130
9,46,55
10,43,53
27,99,126
27,93,120
14,76,90
19,71,90
16,102,118
25,218,243
11,194,205
12,86,98
5,65,70
8,35,43
1,44,45
1,19,20
7,12,19
0,5,5
1,2,3
0,1,1
0,4,4
0,30,30
2,103,105
10,213,223
2,108,110
5,47,52
11,46,57
6,65,71
14,68,82
10,69,79
11,74,85
21,77,98
15,191,206
14,198,212
3,142,145
3,98,101
5,61,66
0,41,41
0,20,20
0,15,15
0,9,9
0,1,1
0,1,1
0,5,5
1,32,33
5,103,108
6,224,230
2,122,124
14,55,69
7,59,66
14,72,86
13,80,93
17,65,82
35,82,117
26,96,122
11,244,255
20,202,222
18,143,161
10,108,118
5,87,92
12,61,73
2,31,33
1,16,17
0,6,6
2,4,6
3,1,4
3,1,4
1,11,12
3,44,47
7,119,126
18,267,285
16,163,179
18,70,88
19,71,90
15,86,101
15,108,123
26,55,81
15,91,106
29,117,146
18,256,274
11,211,222
14,161,175
8,131,139
5,119,124
8,68,76
4,40,44
12,20,32
1,7,8
2,5,7
2,6,8
0,1,1
1,6,7
2,48,50
8,108,116
26,246,272
15,154,169
17,78,95
31,82,113
59,126,185
45,131,176
73,118,191
55,117,172
68,164,232
52,275,327
29,195,224
16,146,162
19,105,124
11,61,72
19,88,107
16,61,77
6,23,29
10,21,31
3,14,17
0,7,7
0,3,3
0,3,3
3,3,6
6,16,22
9,36,45
18,37,55
34,72,106
47,76,123
38,81,119
52,103,155
102,94,196
84,87,171
39,81,120
36,91,127
21,67,88
5,54,59
9,38,47
4,29,33
2,42,44
4,25,29
0,7,7
0,3,3
0,4,4
0,2,2
0,1,1
1,1,2
0,46,46
2,105,107
10,204,214
8,116,124
13,55,68
8,48,56
6,80,86
13,65,78
18,61,79
7,57,64
10,92,102
12,230,242
10,214,224
4,115,119
2,86,88
8,55,63
3,44,47
2,23,25
3,5,8
0,4,4
0,2,2
3,1,4
1,0,1
0,5,5
1,39,40
2,108,110
13,243,256
7,141,148
11,65,76
8,65,73
20,62,82
35,90,125
21,75,96
19,91,110
27,112,139
30,238,268
8,193,201
6,144,150
9,86,95
3,68,71
4,44,48
0,22,22
3,10,13
0,1,1
1,2,3
0,1,1
0,1,1
1,7,8
1,34,35
1,110,111
4,216,220
10,135,145
7,49,56
10,40,50
7,65,72
13,67,80
18,60,78
6,62,68
6,65,71
17,185,202
6,161,167
5,101,106
1,69,70
3,48,51
3,50,53
0,23,23
0,12,12
0,4,4
0,2,2
0,1,1
1,0,1
0,7,7
1,28,29
0,83,83
6,222,228
12,138,150
10,56,66
16,73,89
10,87,97
13,74,87
30,65,95
31,75,106
17,101,118
22,206,228
15,172,187
5,102,107
9,78,87
6,64,70
4,40,44
6,40,46
4,15,19
5,20,25
5,15,20
0,2,2
0,1,1
0,3,3
1,3,4
5,10,15
11,34,45
15,48,63
34,69,103
43,116,159
46,121,167
60,130,190
80,118,198
83,122,205
74,130,204
60,104,164
37,115,152
27,62,89
12,58,70
12,60,72
16,47,63
10,34,44
11,41,52
12,27,39
5,27,32
2,9,11
0,3,3
1,1,2
0,5,5
1,8,9
4,18,22
4,27,31
18,44,62
10,69,79
22,83,105
12,27,39
3,4,7
3,8,11
2,23,25
0,23,23
0,11,11
3,8,11
1,6,7
0,10,10
0,9,9
0,4,4
0,2,2
0,1,1
1,0,1
0,1,1
3,31,34
3,88,91
11,200,211
5,129,134
15,43,58
19,41,60
28,68,96
16,54,70
21,56,77
32,64,96
26,96,122
27,206,233
19,214,233
11,134,145
5,87,92
1,53,54
1,34,35
0,22,22
1,9,10
0,4,4
1,0,1
5,2,7
0,2,2
2,8,10
3,42,45
9,119,128
10,247,257
11,140,151
25,46,71
26,52,78
29,70,99
25,73,98
16,56,72
35,77,112
26,82,108
39,209,248
21,214,235
9,141,150
2,74,76
7,68,75
11,44,55
3,38,41
0,9,9
0,4,4
1,1,2
1,2,3
0,2,2
1,7,8
5,44,49
18,123,141
11,238,249
5,136,141
8,49,57
15,44,59
14,84,98
17,82,99
10,61,71
15,64,79
10,102,112
18,176,194
12,176,188
11,123,134
4,87,91
10,52,62
4,17,21
1,17,18
3,0,3
0,2,2
0,1,1
1,2,3
0,12,12
1,36,37
1,43,44
1,23,24
0,17,17
6,5,11
4,30,34
1,11,12
0,12,12
3,11,14
1,20,21
2,109,111
2,80,82
5,51,56
9,29,38
1,27,28
4,30,34
1,26,27
0,6,6
0,8,8
2,3,5
0,2,2
1,6,7
1,31,32
10,104,114
15,244,259
13,143,156
18,60,78
14,67,81
15,96,111
15,92,107
25,64,89
21,64,85
18,95,113
23,200,223
19,134,153
7,111,118
6,70,76
10,43,53
11,53,64
3,34,37
4,30,34
3,15,18
0,14,14
1,6,7
0,1,1
0,2,2
2,2,4
4,19,23
9,44,53
25,76,101
21,78,99
36,83,119
51,107,158
62,95,157
70,96,166
81,101,182
100,144,244
99,114,213
54,91,145
26,86,112
22,64,86
36,46,82
7,56,63
11,38,49
3,35,38
10,23,33
6,17,23
4,9,13
0,3,3
0,2,2
2,8,10
11,23,34
8,36,44
36,86,122
88,93,181
74,120,194
97,124,221
144,106,250
149,155,304
124,132,256
98,143,241
55,92,147
28,73,101
23,54,77
9,49,58
8,29,37
5,23,28
4,7,11
0,1,1
0,1,1
0,3,3
0,8,8
1,27,28
4,84,88
24,217,241
13,127,140
27,57,84
26,45,71
40,54,94
24,51,75
27,52,79
24,77,101
27,80,107
42,229,271
25,210,235
17,133,150
23,106,129
5,58,63
4,43,47
2,17,19
7,7,14
4,6,10
1,2,3
1,1,2
0,11,11
3,32,35
10,109,119
23,259,282
10,147,157
22,56,78
27,51,78
32,70,102
23,74,97
14,74,88
24,66,90
21,93,114
22,195,217
18,207,225
14,138,152
9,79,88
2,53,55
1,20,21
1,17,18
0,8,8
1,2,3
1,2,3
0,1,1
0,3,3
1,30,31
10,101,111
26,227,253
10,144,154
19,49,68
13,62,75
23,65,88
18,81,99
33,67,100
22,79,101
30,121,151
37,216,253
26,211,237
18,150,168
10,111,121
3,75,78
11,48,59
9,18,27
4,19,23
1,11,12
3,5,8
1,1,2
0,3,3
0,13,13
4,47,51
12,128,140
17,282,299
23,162,185
9,69,78
20,66,86
24,81,105
26,85,111
32,87,119
30,95,125
34,108,142
48,265,313
50,260,310
18,189,207
25,112,137
19,119,138
17,70,87
7,43,50
5,24,29
4,12,16
5,9,14
1,4,5
2,8,10
1,35,36
11,112,123
24,256,280
18,192,210
43,74,117
55,104,159
72,123,195
57,118,175
71,103,174
62,111,173
67,137,204
95,237,332
84,247,331
58,132,190
46,103,149
22,91,113
55,63,118
26,60,86
26,50,76
16,35,51
5,20,25
1,7,8
1,2,3
0,2,2
0,10,10
4,9,13
11,37,48
35,41,76
55,85,140
90,106,196
126,141,267
174,127,301
168,144,312
170,143,313
175,129,304
138,140,278
92,125,217
38,116,154
39,69,108
20,73,93
27,45,72
13,37,50
0,6,6
0,4,4
0,7,7
0,4,4
0,3,3
1,11,12
2,26,28
4,91,95
8,198,206
11,162,173
12,63,75
17,72,89
15,80,95
18,92,110
26,61,87
30,81,111
42,125,167
36,245,281
36,205,241
16,120,136
2,75,77
9,84,93
10,64,74
12,41,53
3,29,32
4,28,32
1,20,21
1,8,9
0,5,5
1,4,5
5,7,12
2,16,18
10,45,55
22,65,87
41,113,154
72,126,198
84,100,184
56,81,137
97,93,190
72,64,136
111,85,196
89,95,184
69,110,179
71,77,148
29,56,85
24,53,77
14,41,55
20,33,53
8,31,39
8,26,34
5,19,24
3,8,11
3,0,3
1,4,5
10,23,33
13,20,33
18,44,62
68,74,142
111,104,215
139,104,243
166,147,313
219,148,367
240,109,349
174,118,292
147,156,303
148,126,274
71,101,172
51,93,144
24,55,79
8,37,45
7,29,36
9,22,31
1,5,6
7,4,11
1,1,2
1,0,1
1,1,2
0,7,7
3,43,46
7,150,157
31,308,339
24,134,158
35,55,90
58,66,124
59,98,157
47,92,139
47,76,123
47,96,143
59,130,189
83,283,366
78,308,386
51,227,278
40,133,173
19,76,95
17,58,75
18,30,48
10,12,22
10,5,15
0,5,5
1,3,4
0,2,2
0,5,5
2,36,38
10,124,134
9,148,157
2,44,46
3,25,28
1,18,19
6,32,38
5,51,56
9,67,76
6,62,68
17,113,130
27,246,273
19,248,267
12,148,160
4,87,91
8,81,89
3,43,46
3,23,26
0,15,15
0,2,2
0,5,5
0,4,4
0,1,1
1,12,13
4,52,56
3,130,133
17,308,325
8,157,165
21,48,69
23,70,93
22,112,134
29,83,112
35,80,115
34,83,117
27,142,169
53,303,356
43,282,325
36,196,232
15,126,141
18,84,102
13,71,84
11,29,40
5,15,20
2,11,13
0,7,7
0,3,3
0,1,1
0,6,6
5,59,64
8,152,160
23,291,314
15,155,170
29,66,95
36,86,122
39,114,153
36,99,135
46,111,157
27,133,160
52,161,213
63,280,343
68,265,333
34,192,226
37,166,203
19,89,108
18,63,81
9,45,54
4,21,25
3,6,9
3,10,13
0,1,1
0,1,1
1,8,9
2,33,35
4,109,113
13,208,221
17,168,185
10,63,73
19,79,98
29,51,80
7,35,42
2,13,15
1,24,25
2,58,60
10,138,148
8,54,62
1,52,53
12,51,63
11,43,54
9,42,51
4,31,35
5,26,31
3,17,20
2,15,17
3,11,14
0,3,3
0,5,5
0,13,13
8,13,21
7,47,54
27,71,98
43,90,133
51,91,142
79,123,202
114,108,222
94,118,212
85,116,201
73,118,191
128,129,257
48,129,177
47,83,130
19,74,93
10,65,75
21,66,87
12,45,57
5,48,53
6,31,37
12,24,36
5,11,16
3,2,5
0,4,4
0,4,4
3,7,10
17,38,55
31,50,81
69,81,150
93,109,202
94,136,230
121,142,263
148,133,281
156,141,297
135,153,288
84,152,236
103,137,240
47,84,131
21,71,92
18,77,95
12,45,57
5,27,32
7,16,23
1,3,4
7,2,9
0,1,1
1,12,13
2,59,61
12,164,176
28,286,314
33,132,165
41,55,96
45,59,104
37,97,134
62,77,139
60,85,145
56,85,141
73,162,235
100,352,452
93,290,383
73,211,284
44,122,166
39,119,158
25,66,91
16,38,54
11,13,24
6,7,13
7,7,14
0,1,1
4,2,6
1,15,16
3,55,58
12,177,189
15,211,226
4,50,54
6,34,40
11,38,49
9,83,92
22,84,106
16,28,44
24,54,78
19,80,99
29,262,291
21,203,224
3,127,130
9,94,103
10,74,84
7,47,54
8,31,39
3,12,15
0,1,1
0,2,2
0,2,2
1,2,3
1,4,5
1,33,34
3,67,70
6,158,164
2,63,65
4,42,46
4,57,61
12,83,95
6,55,61
24,82,106
12,69,81
23,119,142
25,284,309
28,293,321
15,160,175
7,119,126
17,100,117
10,89,99
5,57,62
3,18,21
1,9,10
0,3,3
0,2,2
1,8,9
2,12,14
4,66,70
11,182,193
21,316,337
18,152,170
21,68,89
28,87,115
35,110,145
38,121,159
36,101,137
57,85,142
49,153,202
50,338,388
47,290,337
37,222,259
22,147,169
19,126,145
22,82,104
7,40,47
6,21,27
6,9,15
8,10,18
0,3,3
0,3,3
2,11,13
5,42,47
10,139,149
21,279,300
16,162,178
31,91,122
41,95,136
45,155,200
47,133,180
57,106,163
50,112,162
70,173,243
64,267,331
47,216,263
41,168,209
26,92,118
25,77,102
16,64,80
8,56,64
7,36,43
5,28,33
5,19,24
5,9,14
1,4,5
1,3,4
1,9,10
3,18,21
7,38,45
2,27,29
1,21,22
4,27,31
6,26,32
9,49,58
14,49,63
16,62,78
6,27,33
1,14,15
6,32,38
9,62,71
4,49,53
1,13,14
2,22,24
5,30,35
4,29,33
6,25,31
4,25,29
12,13,25
2,5,7
2,1,3
3,5,8
2,14,16
7,36,43
31,71,102
91,120,211
119,185,304
167,187,354
181,162,343
170,191,361
179,209,388
161,182,343
143,163,306
102,175,277
75,135,210
44,97,141
13,70,83
21,49,70
19,37,56
15,24,39
11,8,19
14,2,16
6,1,7
2,4,6
0,16,16
3,51,54
12,156,168
20,277,297
37,132,169
41,68,109
36,87,123
60,124,184
41,128,169
49,95,144
64,112,176
40,165,205
66,362,428
41,321,362
42,244,286
29,136,165
20,131,151
9,81,90
11,35,46
2,23,25
5,2,7
8,5,13
0,3,3
1,4,5
1,17,18
2,63,65
22,166,188
20,331,351
23,139,162
15,60,75
19,53,72
19,84,103
26,103,129
19,88,107
44,83,127
30,162,192
39,372,411
44,377,421
28,248,276
20,148,168
8,114,122
3,109,112
11,41,52
19,77,96
9,50,59
7,43,50
8,15,23
6,11,17
0,10,10
4,9,13
7,26,33
16,43,59
45,96,141
109,155,264
109,141,250
109,172,281
123,209,332
85,153,238
113,153,266
75,139,214
60,136,196
33,126,159
47,131,178
35,86,121
23,82,105
32,68,100
64,82,146
68,109,177
41,73,114
16,19,35
9,7,16
9,8,17
4,16,20
3,59,62
16,193,209
21,350,371
41,131,172
31,77,108
34,96,130
40,147,187
51,119,170
48,133,181
45,110,155
49,220,269
65,472,537
68,450,518
46,268,314
44,174,218
54,178,232
28,97,125
16,48,64
0,16,16
0,14,14
0,5,5
0,2,2
3,1,4
0,14,14
7,102,109
17,248,265
24,435,459
29,157,186
36,91,127
20,120,140
48,169,217
50,144,194
36,122,158
37,117,154
46,225,271
53,464,517
59,485,544
42,323,365
28,262,290
42,183,225
14,99,113
12,50,62
5,22,27
1,6,7
0,4,4
0,1,1
1,2,3
1,8,9
0,21,21
6,46,52
5,74,79
5,35,40
5,26,31
3,69,72
19,105,124
15,128,143
13,94,107
22,107,129
22,173,195
22,388,410
29,367,396
30,266,296
17,174,191
17,133,150
9,80,89
8,49,57
4,23,27
4,6,10
1,4,5
0,4,4
4,3,7
1,29,30
3,86,89
16,255,271
25,415,440
20,164,184
30,98,128
43,105,148
27,169,196
50,142,192
19,135,154
27,120,147
36,233,269
66,467,533
64,456,520
56,305,361
33,225,258
39,141,180
30,135,165
16,99,115
13,43,56
8,24,32
1,15,16
3,6,9
0,1,1
0,16,16
8,74,82
20,202,222
35,415,450
27,161,188
30,97,127
42,123,165
48,198,246
71,182,253
86,127,213
89,171,260
82,262,344
83,470,553
85,385,470
39,253,292
29,161,190
22,130,152
46,105,151
27,93,120
10,76,86
8,50,58
5,47,52
9,9,18
1,4,5
4,3,7
1,12,13
8,32,40
19,96,115
54,164,218
90,208,298
132,215,347
129,244,373
196,240,436
143,235,378
148,230,378
119,223,342
138,216,354
114,175,289
88,179,267
82,137,219
58,124,182
26,94,120
30,89,119
22,78,100
8,56,64
17,42,59
10,21,31
2,8,10
0,5,5
2,4,6
8,15,23
28,58,86
48,112,160
91,153,244
142,198,340
139,243,382
166,224,390
126,240,366
128,230,358
122,263,385
106,245,351
63,205,268
61,178,239
42,132,174
32,95,127
29,86,115
9,41,50
31,22,53
25,8,33
6,2,8
0,7,7
0,4,4
0,23,23
2,87,89
16,221,237
23,351,374
36,142,178
24,95,119
26,99,125
35,160,195
36,138,174
44,118,162
51,148,199
49,255,304
59,539,598
66,458,524
45,339,384
25,214,239
28,128,156
21,95,116
16,45,61
6,12,18
3,12,15
1,4,5
1,3,4
0,2,2
1,28,29
9,103,112
13,301,314
28,397,425
29,176,205
27,100,127
17,108,125
47,170,217
50,152,202
42,134,176
28,152,180
56,271,327
79,532,611
70,480,550
69,365,434
50,241,291
30,173,203
29,121,150
9,72,81
8,30,38
4,16,20
6,4,10
0,3,3
0,2,2
0,20,20
6,93,99
25,293,318
21,421,442
21,182,203
30,124,154
18,123,141
41,185,226
36,157,193
36,141,177
48,131,179
49,240,289
17,242,259
40,234,274
60,341,401
28,245,273
32,202,234
12,134,146
12,69,81
5,39,44
1,16,17
1,14,15
0,5,5
1,5,6
2,27,29
9,103,112
14,283,297
27,394,421
21,191,212
28,119,147
43,136,179
43,164,207
48,170,218
43,148,191
54,163,217
50,238,288
54,540,594
64,463,527
59,305,364
56,220,276
31,192,223
25,147,172
16,87,103
6,46,52
5,15,20
3,8,11
2,2,4
2,3,5
1,24,25
6,76,82
16,141,157
26,361,387
18,215,233
31,99,130
56,90,146
53,170,223
69,157,226
70,120,190
56,142,198
44,256,300
62,429,491
39,359,398
25,245,270
22,130,152
24,130,154
25,107,132
31,88,119
24,78,102
18,64,82
15,37,52
5,30,35
1,4,5
7,7,14
2,9,11
4,28,32
16,72,88
14,86,100
34,133,167
72,207,279
75,204,279
68,180,248
57,159,216
73,221,294
107,188,295
78,194,272
88,216,304
69,179,248
42,115,157
15,44,59
7,19,26
11,33,44
5,34,39
4,43,47
13,37,50
11,21,32
5,8,13
3,11,14
3,14,17
4,38,42
24,46,70
36,98,134
73,153,226
120,202,322
120,247,367
195,261,456
183,254,437
206,253,459
158,282,440
137,255,392
60,177,237
78,153,231
53,138,191
44,107,151
29,88,117
18,51,69
17,21,38
6,8,14
4,9,13
1,3,4
1,5,6
1,20,21
11,93,104
27,245,272
28,366,394
38,156,194
37,75,112
56,129,185
72,137,209
61,153,214
76,117,193
55,110,165
45,181,226
47,227,274
55,398,453
36,272,308
31,167,198
28,149,177
22,105,127
18,39,57
13,18,31
7,6,13
4,4,8
1,3,4
2,2,4
0,22,22
0,49,49
13,138,151
22,325,347
17,190,207
31,73,104
26,104,130
38,115,153
31,141,172
61,123,184
79,131,210
73,217,290
83,521,604
54,426,480
51,298,349
30,253,283
23,151,174
12,86,98
7,49,56
8,15,23
3,9,12
1,5,6
6,3,9
1,2,3
0,9,9
2,99,101
14,260,274
25,428,453
26,176,202
33,73,106
6,17,23
12,42,54
30,92,122
44,94,138
34,133,167
53,241,294
78,487,565
58,431,489
43,288,331
24,189,213
11,74,85
14,103,117
10,49,59
6,23,29
2,4,6
3,12,15
1,3,4
2,3,5
2,24,26
17,86,103
18,239,257
34,453,487
40,176,216
35,95,130
53,111,164
38,130,168
44,139,183
43,137,180
63,125,188
55,247,302
60,487,547
59,454,513
65,345,410
46,236,282
29,180,209
11,68,79
9,63,72
9,25,34
8,9,17
0,3,3
0,6,6
0,4,4
2,19,21
7,121,128
19,265,284
37,417,454
34,173,207
31,84,115
26,86,112
32,137,169
29,125,154
40,105,145
25,127,152
39,227,266
52,434,486
31,278,309
16,248,264
23,233,256
29,161,190
14,115,129
10,59,69
11,31,42
3,12,15
0,6,6
0,4,4
0,3,3
3,28,31
7,106,113
19,285,304
25,442,467
28,197,225
33,106,139
42,123,165
39,193,232
35,168,203
43,142,185
44,144,188
63,255,318
88,484,572
74,451,525
58,321,379
51,286,337
33,215,248
14,141,155
23,89,112
15,53,68
7,15,22
0,12,12
0,5,5
1,5,6
4,24,28
8,98,106
25,252,277
31,471,502
36,194,230
54,107,161
57,135,192
51,208,259
58,190,248
66,174,240
56,156,212
63,286,349
73,485,558
76,488,564
53,338,391
57,236,293
51,196,247
26,145,171
30,141,171
24,69,93
14,80,94
18,41,59
8,10,18
4,11,15
3,5,8
11,17,28
27,60,87
29,96,125
55,169,224
115,202,317
120,249,369
150,270,420
188,268,456
193,258,451
180,224,404
168,272,440
142,202,344
127,214,341
79,206,285
90,149,239
46,139,185
49,141,190
29,121,150
23,90,113
26,70,96
16,48,64
22,25,47
4,8,12
1,5,6
10,11,21
8,19,27
24,74,98
53,111,164
83,168,251
121,214,335
123,212,335
154,213,367
161,224,385
161,256,417
138,260,398
126,264,390
124,239,363
108,249,357
84,195,279
54,111,165
36,94,130
25,61,86
11,18,29
9,5,14
4,4,8
2,3,5
4,4,8
7,24,31
11,101,112
18,281,299
28,410,438
26,162,188
31,64,95
39,72,111
25,128,153
28,152,180
46,99,145
38,127,165
34,233,267
63,516,579
56,500,556
64,343,407
59,277,336
29,160,189
36,137,173
5,55,60
5,15,20
2,2,4
3,2,5
1,1,2
2,3,5
2,30,32
10,116,126
23,311,334
45,432,477
27,190,217
37,86,123
38,113,151
42,141,183
55,141,196
34,112,146
56,127,183
55,253,308
64,475,539
72,479,551
69,355,424
45,301,346
31,187,218
27,126,153
18,72,90
12,29,41
3,20,23
0,7,7
2,1,3
0,6,6
0,21,21
13,103,116
24,329,353
46,435,481
34,168,202
27,63,90
28,106,134
15,134,149
20,116,136
44,111,155
28,100,128
34,199,233
80,426,506
61,398,459
61,323,384
55,225,280
34,168,202
37,139,176
18,98,116
7,40,47
3,13,16
0,6,6
0,2,2
2,4,6
1,19,20
13,105,118
31,283,314
32,400,432
20,148,168
20,74,94
36,82,118
40,100,140
18,118,136
25,93,118
18,86,104
30,170,200
54,355,409
52,414,466
55,271,326
40,214,254
29,142,171
22,131,153
15,82,97
8,61,69
5,18,23
6,7,13
3,3,6
0,4,4
0,28,28
10,94,104
25,242,267
29,423,452
37,176,213
23,88,111
46,107,153
40,167,207
40,149,189
44,121,165
49,163,212
46,239,285
63,454,517
96,367,463
61,245,306
53,197,250
55,163,218
40,145,185
36,110,146
28,89,117
10,67,77
10,50,60
10,18,28
4,9,13
4,12,16
9,31,40
18,50,68
32,111,143
59,171,230
91,173,264
110,215,325
112,235,347
150,237,387
148,232,380
142,232,374
169,225,394
147,190,337
131,155,286
97,167,264
95,180,275
76,144,220
53,137,190
24,107,131
19,100,119
19,74,93
9,57,66
8,20,28
8,6,14
5,5,10
5,9,14
7,27,34
28,64,92
75,107,182
120,191,311
131,236,367
176,244,420
109,264,373
96,219,315
142,218,360
115,235,350
94,158,252
69,187,256
67,156,223
62,144,206
39,101,140
31,97,128
33,74,107
8,20,28
6,10,16
2,8,10
1,6,7
1,3,4
2,27,29
7,98,105
26,302,328
44,432,476
35,189,224
38,80,118
53,106,159
35,161,196
53,174,227
55,145,200
58,127,185
64,262,326
72,529,601
76,510,586
75,348,423
78,253,331
40,178,218
20,114,134
14,75,89
13,18,31
3,10,13
2,8,10
1,1,2
0,3,3
3,23,26
6,107,113
19,346,365
45,441,486
19,174,193
33,97,130
40,103,143
30,139,169
33,176,209
41,118,159
42,136,178
51,279,330
85,484,569
65,473,538
51,335,386
60,237,297
37,206,243
29,159,188
19,91,110
8,44,52
0,14,14
0,9,9
0,1,1
0,4,4
1,20,21
11,110,121
22,348,370
53,445,498
22,185,207
27,108,135
49,115,164
33,178,211
43,146,189
50,128,178
33,131,164
47,265,312
83,555,638
80,527,607
54,362,416
57,273,330
48,209,257
31,144,175
17,90,107
9,38,47
4,13,17
1,4,5
0,4,4
0,6,6
7,18,25
8,104,112
16,172,188
24,364,388
29,232,261
18,103,121
33,117,150
41,165,206
37,114,151
39,114,153
32,127,159
36,258,294
42,230,272
26,299,325
58,269,327
25,176,201
34,154,188
24,127,151
2,14,16
3,21,24
4,19,23
2,11,13
1,5,6
1,5,6
1,12,13
8,89,97
25,225,250
28,426,454
28,196,224
44,126,170
43,138,181
49,194,243
48,156,204
73,142,215
62,181,243
69,286,355
85,467,552
62,388,450
53,275,328
40,192,232
49,159,208
48,127,175
37,141,178
21,83,104
15,80,95
16,37,53
4,16,20
1,4,5
1,6,7
9,18,27
12,45,57
28,103,131
62,156,218
68,176,244
134,270,404
162,258,420
135,192,327
138,196,334
153,214,367
193,275,468
210,239,449
118,263,381
99,227,326
61,127,188
58,125,183
56,105,161
53,97,150
18,71,89
17,59,76
13,59,72
14,16,30
7,10,17
7,12,19
11,22,33
35,36,71
25,59,84
58,111,169
86,158,244
141,236,377
141,255,396
149,214,363
124,193,317
146,216,362
121,257,378
159,238,397
78,218,296
94,217,311
86,146,232
57,110,167
38,114,152
14,78,92
20,48,68
15,16,31
6,7,13
5,6,11
1,5,6
3,27,30
11,97,108
25,218,243
39,453,492
58,202,260
61,109,170
68,146,214
83,180,263
83,209,292
78,225,303
82,299,381
85,342,427
99,362,461
98,324,422
80,238,318
84,185,269
69,149,218
49,173,222
44,96,140
31,84,115
20,58,78
9,43,52
5,21,26
3,8,11
1,13,14
11,21,32
10,35,45
38,94,132
55,124,179
103,168,271
144,213,357
142,232,374
178,226,404
177,215,392
168,163,331
206,192,398
179,170,349
193,190,383
156,149,305
136,148,284
95,137,232
78,123,201
66,88,154
47,97,144
23,55,78
19,50,69
8,25,33
3,2,5
0,1,1
0,3,3
3,22,25
39,53,92
82,99,181
131,133,264
215,175,390
198,206,404
248,173,421
225,150,375
194,182,376
195,219,414
181,177,358
74,107,181
100,83,183
83,93,176
75,92,167
69,93,162
70,77,147
63,77,140
43,76,119
33,30,63
13,13,26
8,4,12
1,3,4
5,11,16
17,19,36
42,44,86
142,96,238
166,114,280
177,172,349
237,210,447
242,181,423
235,173,408
224,184,408
236,216,452
240,196,436
222,196,418
170,205,375
195,191,386
195,262,457
115,211,326
44,94,138
19,36,55
15,24,39
8,5,13
1,7,8
1,4,5
1,19,20
3,91,94
22,248,270
41,391,432
50,177,227
55,84,139
75,97,172
71,130,201
67,136,203
66,112,178
51,111,162
79,202,281
79,466,545
70,426,496
71,297,368
59,225,284
77,168,245
31,124,155
19,54,73
11,26,37
4,11,15
1,4,5
0,6,6
0,6,6
5,30,35
9,112,121
24,288,312
31,397,428
31,158,189
13,30,43
24,103,127
38,114,152
33,107,140
50,113,163
55,130,185
57,218,275
79,517,596
77,486,563
71,323,394
55,257,312
66,175,241
30,156,186
20,78,98
6,29,35
2,14,16
1,7,8
2,2,4
0,4,4
2,30,32
11,107,118
13,279,292
28,415,443
25,154,179
29,72,101
30,112,142
32,139,171
48,107,155
39,121,160
47,119,166
47,218,265
80,489,569
70,492,562
79,286,365
61,224,285
39,170,209
32,150,182
31,98,129
6,41,47
9,25,34
10,12,22
2,4,6
7,4,11
3,24,27
11,91,102
30,302,332
36,421,457
30,211,241
30,108,138
61,104,165
49,164,213
54,175,229
53,163,216
39,102,141
27,105,132
6,161,167
35,281,316
45,225,270
30,220,250
46,158,204
33,136,169
40,111,151
31,90,121
5,48,53
12,43,55
7,23,30
2,4,6
4,11,15
11,27,38
21,50,71
68,114,182
77,170,247
87,177,264
101,189,290
145,221,366
167,249,416
158,215,373
182,220,402
171,245,416
160,241,401
132,246,378
128,178,306
129,185,314
83,155,238
60,154,214
47,93,140
42,112,154
19,94,113
28,68,96
6,19,25
0,5,5
7,10,17
8,17,25
27,38,65
27,65,92
62,107,169
95,173,268
110,177,287
133,244,377
139,228,367
122,227,349
142,219,361
128,244,372
146,217,363
141,222,363
120,183,303
101,167,268
65,162,227
56,87,143
19,53,72
10,25,35
5,5,10
8,4,12
2,8,10
0,4,4
5,21,26
19,102,121
28,289,317
35,385,420
41,167,208
44,73,117
39,89,128
40,108,148
22,119,141
40,94,134
38,108,146
57,182,239
59,455,514
57,415,472
80,293,373
42,194,236
21,109,130
20,70,90
11,44,55
3,19,22
6,8,14
2,7,9
2,6,8
0,6,6
4,21,25
13,102,115
29,301,330
35,382,417
27,149,176
38,85,123
39,86,125
38,125,163
32,104,136
33,91,124
37,111,148
25,177,202
48,380,428
39,472,511
42,295,337
57,251,308
49,209,258
44,150,194
20,59,79
9,37,46
1,11,12
2,3,5
0,4,4
0,5,5
4,22,26
18,103,121
32,281,313
31,418,449
23,163,186
33,80,113
55,110,165
40,134,174
39,119,158
27,89,116
13,33,46
23,118,141
70,418,488
51,412,463
79,340,419
61,281,342
56,194,250
48,136,184
33,83,116
14,32,46
4,21,25
3,7,10
1,5,6
0,6,6
6,22,28
14,116,130
23,311,334
53,433,486
29,195,224
32,95,127
38,110,148
51,172,223
39,138,177
49,129,178
42,138,180
43,231,274
78,517,595
94,484,578
67,333,400
81,267,348
58,203,261
42,134,176
27,97,124
23,57,80
7,13,20
16,22,38
1,6,7
2,8,10
7,16,23
12,108,120
17,257,274
50,514,564
31,176,207
59,107,166
73,137,210
61,177,238
85,162,247
105,160,265
74,163,237
96,265,361
104,483,587
102,394,496
114,280,394
92,251,343
75,186,261
71,152,223
41,126,167
42,68,110
24,51,75
10,48,58
6,20,26
9,7,16
4,6,10
16,21,37
14,38,52
37,90,127
72,150,222
114,208,322
171,225,396
187,276,463
221,276,497
201,232,433
205,223,428
183,242,425
234,241,475
185,243,428
164,242,406
108,188,296
85,167,252
65,136,201
61,107,168
34,91,125
16,86,102
28,66,94
21,26,47
4,6,10
4,8,12
10,11,21
20,30,50
45,73,118
74,110,184
127,177,304
147,244,391
177,243,420
200,272,472
168,262,430
129,195,324
129,188,317
133,236,369
147,243,390
145,234,379
85,177,262
59,148,207
65,116,181
39,54,93
21,30,51
17,8,25
2,8,10
3,4,7
1,3,4
2,15,17
10,95,105
22,255,277
18,329,347
33,170,203
52,78,130
42,99,141
39,126,165
27,125,152
32,106,138
53,111,164
45,220,265
72,473,545
80,478,558
63,335,398
91,232,323
48,154,202
36,104,140
32,59,91
25,26,51
7,6,13
9,4,13
2,1,3
1,4,5
0,19,19
8,126,134
28,287,315
31,381,412
22,177,199
29,112,141
29,98,127
26,127,153
33,139,172
41,111,152
48,110,158
61,216,277
68,445,513
80,450,530
54,334,388
48,229,277
47,194,241
36,120,156
19,73,92
7,22,29
5,12,17
4,7,11
0,4,4
2,2,4
2,24,26
3,97,100
24,258,282
35,347,382
27,139,166
27,70,97
53,66,119
53,115,168
38,112,150
37,86,123
52,77,129
34,197,231
69,445,514
68,475,543
63,350,413
49,256,305
42,178,220
21,116,137
14,82,96
11,18,29
4,8,12
2,6,8
0,5,5
0,10,10
4,17,21
12,105,117
15,320,335
37,398,435
31,182,213
50,90,140
32,96,128
45,112,157
50,153,203
45,114,159
48,120,168
58,216,274
63,493,556
65,491,556
85,369,454
40,248,288
53,201,254
22,169,191
29,103,132
11,32,43
7,9,16
2,9,11
0,4,4
0,7,7
2,22,24
9,101,110
19,252,271
29,408,437
23,172,195
9,59,68
29,93,122
19,142,161
37,107,144
43,104,147
31,87,118
21,129,150
47,378,425
49,443,492
51,270,321
7,80,87
7,81,88
11,66,77
4,52,56
2,15,17
3,14,17
2,5,7
0,3,3
0,7,7
3,17,20
7,90,97
11,271,282
29,369,398
25,162,187
24,89,113
37,112,149
53,152,205
63,142,205
53,114,167
50,115,165
70,220,290
91,464,555
88,435,523
65,301,366
41,245,286
25,186,211
33,141,174
24,108,132
13,41,54
3,16,19
5,14,19
0,6,6
1,6,7
0,16,16
7,94,101
23,247,270
39,415,454
43,183,226
50,113,163
44,103,147
57,159,216
40,164,204
81,164,245
50,160,210
76,254,330
84,466,550
105,361,466
90,282,372
70,221,291
54,119,173
51,137,188
37,102,139
29,104,133
17,50,67
14,39,53
14,28,42
5,5,10
2,4,6
5,22,27
14,49,63
27,94,121
60,155,215
91,199,290
138,211,349
130,252,382
176,265,441
176,204,380
130,232,362
155,188,343
61,88,149
81,130,211
57,114,171
58,79,137
28,86,114
24,96,120
29,79,108
14,66,80
10,63,73
18,48,66
9,23,32
1,5,6
1,4,5
3,10,13
11,28,39
23,66,89
82,102,184
88,178,266
113,156,269
161,209,370
118,206,324
130,192,322
118,208,326
74,119,193
63,131,194
74,155,229
68,160,228
50,133,183
36,100,136
21,82,103
12,43,55
13,17,30
4,8,12
4,3,7
1,0,1
2,8,10
1,14,15
8,87,95
18,249,267
29,320,349
37,146,183
62,62,124
90,89,179
48,134,182
43,108,151
41,109,150
40,86,126
64,218,282
67,460,527
64,465,529
64,352,416
71,215,286
30,156,186
26,121,147
19,53,72
10,25,35
5,9,14
9,3,12
0,3,3
1,6,7
5,25,30
6,95,101
30,313,343
40,352,392
34,141,175
55,89,144
61,88,149
60,125,185
48,127,175
53,95,148
58,106,164
57,228,285
79,453,532
97,488,585
69,302,371
34,258,292
46,184,230
28,127,155
22,53,75
19,18,37
7,10,17
1,10,11
1,3,4
1,4,5
2,30,32
9,110,119
16,289,305
38,361,399
32,148,180
41,72,113
54,95,149
74,166,240
41,150,191
62,116,178
53,141,194
76,206,282
71,513,584
70,489,559
79,334,413
59,253,312
47,162,209
17,122,139
14,94,108
6,40,46
9,17,26
3,8,11
2,7,9
1,4,5
2,23,25
5,101,106
15,292,307
29,361,390
31,166,197
36,96,132
59,128,187
50,164,214
51,166,217
39,103,142
52,126,178
57,241,298
96,486,582
74,497,571
48,323,371
56,232,288
35,171,206
34,123,157
22,105,127
12,53,65
4,19,23
0,15,15
0,9,9
0,5,5
2,24,26
3,73,76
17,247,264
29,397,426
27,178,205
44,86,130
48,108,156
55,167,222
74,179,253
51,135,186
59,190,249
68,266,334
93,423,516
89,376,465
101,284,385
77,210,287
73,153,226
74,157,231
51,100,151
15,69,84
13,64,77
16,58,74
9,18,27
5,5,10
3,15,18
3,19,22
10,34,44
28,90,118
70,138,208
97,163,260
122,192,314
175,246,421
61,92,153
113,146,259
150,208,358
148,133,281
97,172,269
123,169,292
67,170,237
78,105,183
40,127,167
36,118,154
25,95,120
19,71,90
16,57,73
13,49,62
5,22,27
1,2,3
1,9,10
2,4,6
4,20,24
20,21,41
27,76,103
67,116,183
81,117,198
98,183,281
144,233,377
126,244,370
128,203,331
116,176,292
133,196,329
125,222,347
75,184,259
67,126,193
51,104,155
14,25,39
5,22,27
7,18,25
1,9,10
0,3,3
1,6,7
1,4,5
3,14,17
3,87,90
10,248,258
29,326,355
52,170,222
54,87,141
41,112,153
62,116,178
53,140,193
56,95,151
49,133,182
58,225,283
59,471,530
70,413,483
54,343,397
45,240,285
34,150,184
22,76,98
11,77,88
8,23,31
4,12,16
1,3,4
1,5,6
0,5,5
1,29,30
4,115,119
18,328,346
24,417,441
27,171,198
28,83,111
40,110,150
42,120,162
45,147,192
65,117,182
36,123,159
55,248,303
75,525,600
54,516,570
56,320,376
48,232,280
38,177,215
31,121,152
20,57,77
8,16,24
2,12,14
0,6,6
1,4,5
0,5,5
0,28,28
4,101,105
12,296,308
35,452,487
31,178,209
27,91,118
20,108,128
26,163,189
38,138,176
54,138,192
42,117,159
62,238,300
46,506,552
86,470,556
50,297,347
37,243,280
38,192,230
29,142,171
20,85,105
18,38,56
13,11,24
2,4,6
0,6,6
0,9,9
0,27,27
6,97,103
19,289,308
27,393,420
42,186,228
37,92,129
44,97,141
34,139,173
33,154,187
67,115,182
56,118,174
49,196,245
44,365,409
48,226,274
26,115,141
24,141,165
12,137,149
18,117,135
20,94,114
9,53,62
1,19,20
0,8,8
2,1,3
1,7,8
1,16,17
2,91,93
12,251,263
30,368,398
31,187,218
57,108,165
45,120,165
54,168,222
63,169,232
78,142,220
66,156,222
66,261,327
85,442,527
88,337,425
33,132,165
12,46,58
18,89,107
25,97,122
18,88,106
18,33,51
7,14,21
14,11,25
7,7,14
0,7,7
1,22,23
2,103,105
7,335,342
31,467,498
29,178,207
46,92,138
51,141,192
64,165,229
50,169,219
54,144,198
39,135,174
55,253,308
61,567,628
69,462,531
79,364,443
33,247,280
17,160,177
34,145,179
15,111,126
6,58,64
4,28,32
9,11,20
4,4,8
2,2,4
0,20,20
3,73,76
6,253,259
22,434,456
30,190,220
34,106,140
51,141,192
82,178,260
72,207,279
75,208,283
69,277,346
82,299,381
78,377,455
50,305,355
67,220,287
38,158,196
28,121,149
33,114,147
30,68,98
22,65,87
17,57,74
15,26,41
17,18,35
3,4,7
3,9,12
4,19,23
5,33,38
24,65,89
83,118,201
90,168,258
66,128,194
97,160,257
153,200,353
204,176,380
187,201,388
186,188,374
170,201,371
160,179,339
147,148,295
99,120,219
71,93,164
66,96,162
46,77,123
33,76,109
37,38,75
17,43,60
20,23,43
0,4,4
1,5,6
0,3,3
10,20,30
21,49,70
87,102,189
150,147,297
174,163,337
214,221,435
245,174,419
205,156,361
218,192,410
196,141,337
204,172,376
187,169,356
178,150,328
104,125,229
104,103,207
70,85,155
46,58,104
31,66,97
19,35,54
17,22,39
4,12,16
3,5,8
2,4,6
6,5,11
11,30,41
45,56,101
63,89,152
107,137,244
101,207,308
141,212,353
154,235,389
145,212,357
111,142,253
92,192,284
37,77,114
31,92,123
52,123,175
26,56,82
20,40,60
15,49,64
3,17,20
1,7,8
0,2,2
1,0,1
1,3,4
1,20,21
0,72,72
6,166,172
15,349,364
18,167,185
16,90,106
11,78,89
16,51,67
5,24,29
3,21,24
18,71,89
11,95,106
15,276,291
22,351,373
12,269,281
13,150,163
12,109,121
5,79,84
2,56,58
1,12,13
2,3,5
2,4,6
1,1,2
0,4,4
1,15,16
1,74,75
3,83,86
9,319,328
14,176,190
3,63,66
1,9,10
1,21,22
2,9,11
1,24,25
3,55,58
7,137,144
21,264,285
18,219,237
14,212,226
3,93,96
4,34,38
3,26,29
3,21,24
3,11,14
0,4,4
0,2,2
0,3,3
1,13,14
1,55,56
7,172,179
7,188,195
4,65,69
8,57,65
16,82,98
17,85,102
14,112,126
15,105,120
24,115,139
5,151,156
11,102,113
2,66,68
1,51,52
6,83,89
6,76,82
5,65,70
0,26,26
1,15,16
0,8,8
1,7,8
1,1,2
0,3,3
0,14,14
3,54,57
4,104,108
12,276,288
5,131,136
2,27,29
6,66,72
4,71,75
14,108,122
29,119,148
27,161,188
41,244,285
54,451,505
33,377,410
33,316,349
30,180,210
49,154,203
33,127,160
35,113,148
32,84,116
16,67,83
18,46,64
8,29,37
3,4,7
2,6,8
0,6,6
9,43,52
16,103,119
39,168,207
85,233,318
108,252,360
144,260,404
131,239,370
129,230,359
217,263,480
170,261,431
185,275,460
119,241,360
101,214,315
78,167,245
59,171,230
49,126,175
32,107,139
29,79,108
22,66,88
16,60,76
15,30,45
3,6,9
15,24,39
4,16,20
9,28,37
25,69,94
59,168,227
120,214,334
144,258,402
113,298,411
119,231,350
120,222,342
134,270,404
180,303,483
152,228,380
110,229,339
101,232,333
65,161,226
45,114,159
21,74,95
12,33,45
5,11,16
1,11,12
2,0,2
0,4,4
1,23,24
1,108,109
12,300,312
26,382,408
21,155,176
40,89,129
34,131,165
37,147,184
43,120,163
60,129,189
60,152,212
60,238,298
75,515,590
56,515,571
63,373,436
41,258,299
29,166,195
16,134,150
7,62,69
7,19,26
4,6,10
2,0,2
2,2,4
2,6,8
1,19,20
6,116,122
14,348,362
26,399,425
35,179,214
42,93,135
33,120,153
43,144,187
48,136,184
51,139,190
35,145,180
41,251,292
72,507,579
67,472,539
55,341,396
31,241,272
45,200,245
24,120,144
15,59,74
5,28,33
1,7,8
1,4,5
1,7,8
1,8,9
1,30,31
7,138,145
20,350,370
33,396,429
19,183,202
27,115,142
43,121,164
56,156,212
39,139,178
19,105,124
30,146,176
36,241,277
87,512,599
83,503,586
44,337,381
40,221,261
24,189,213
20,140,160
10,62,72
3,34,37
0,20,20
0,5,5
3,5,8
2,5,7
1,30,31
5,119,124
17,321,338
27,364,391
23,186,209
25,96,121
39,120,159
31,148,179
38,151,189
36,134,170
25,110,135
29,193,222
31,230,261
22,222,244
20,212,232
25,223,248
11,134,145
7,108,115
8,61,69
5,43,48
7,19,26
3,7,10
2,4,6
1,3,4
2,30,32
6,87,93
16,283,299
23,386,409
21,189,210
36,104,140
40,139,179
39,212,251
55,168,223
49,176,225
38,165,203
67,291,358
86,480,566
55,427,482
59,256,315
41,184,225
39,124,163
32,135,167
20,106,126
28,80,108
28,52,80
18,61,79
7,21,28
1,4,5
2,3,5
5,17,22
4,33,37
27,81,108
32,145,177
72,177,249
119,248,367
115,257,372
124,225,349
123,174,297
148,206,354
116,189,305
141,218,359
95,234,329
70,186,256
43,133,176
49,121,170
31,112,143
36,100,136
24,88,112
13,66,79
21,68,89
11,25,36
1,0,1
1,5,6
2,10,12
15,29,44
16,53,69
46,94,140
82,178,260
116,201,317
135,229,364
162,214,376
127,184,311
132,233,365
134,235,369
95,230,325
66,223,289
54,191,245
44,136,180
37,110,147
9,75,84
10,44,54
14,23,37
3,7,10
6,7,13
1,4,5
2,6,8
2,26,28
6,107,113
20,312,332
29,391,420
32,183,215
21,84,105
41,98,139
51,138,189
53,124,177
45,143,188
44,143,187
55,208,263
85,483,568
56,484,540
41,333,374
27,204,231
19,181,200
25,104,129
13,55,68
24,106,130
11,47,58
21,46,67
8,17,25
2,6,8
1,4,5
4,15,19
6,30,36
9,58,67
17,112,129
21,100,121
30,102,132
28,130,158
27,98,125
33,147,180
41,154,195
58,165,223
58,170,228
23,117,140
27,99,126
8,58,66
3,53,56
12,58,70
8,57,65
4,43,47
1,23,24
3,27,30
4,5,9
4,3,7
0,7,7
2,13,15
5,24,29
14,50,64
19,96,115
60,188,248
74,218,292
78,243,321
84,224,308
61,195,256
29,144,173
44,162,206
32,135,167
16,158,174
34,128,162
16,71,87
17,71,88
9,55,64
6,19,25
3,13,16
1,5,6
0,4,4
1,6,7
2,6,8
4,17,21
3,91,94
8,241,249
13,359,372
12,141,153
19,82,101
26,100,126
29,118,147
16,102,118
26,94,120
22,79,101
16,202,218
40,455,495
28,384,412
15,300,315
13,191,204
10,128,138
12,79,91
11,43,54
5,22,27
1,8,9
1,2,3
3,3,6
3,4,7
2,25,27
3,109,112
11,298,309
28,372,400
19,168,187
19,107,126
22,102,124
39,160,199
20,153,173
27,156,183
28,166,194
36,273,309
55,530,585
68,456,524
35,310,345
25,236,261
22,144,166
8,106,114
6,60,66
7,36,43
4,7,11
1,2,3
1,5,6
1,4,5
3,29,32
5,112,117
9,292,301
26,441,467
32,187,219
30,103,133
32,138,170
34,180,214
30,189,219
34,156,190
35,147,182
37,245,282
66,525,591
57,536,593
40,334,374
18,228,246
28,173,201
20,134,154
9,64,73
6,34,40
5,17,22
2,8,10
1,4,5
0,5,5
0,24,24
4,110,114
15,287,302
20,437,457
20,188,208
24,105,129
29,115,144
46,180,226
33,158,191
56,139,195
62,157,219
51,272,323
63,505,568
59,479,538
38,305,343
29,231,260
34,161,195
24,124,148
18,81,99
19,48,67
3,25,28
0,5,5
1,9,10
0,5,5
3,24,27
3,84,87
5,237,242
31,386,417
34,207,241
48,126,174
80,150,230
61,174,235
95,210,305
77,179,256
68,202,270
73,346,419
101,462,563
94,371,465
51,243,294
30,167,197
22,144,166
27,119,146
23,113,136
17,72,89
14,51,65
4,41,45
4,16,20
3,7,10
1,7,8
6,16,22
27,46,73
14,89,103
54,163,217
120,217,337
176,221,397
191,255,446
256,229,485
251,214,465
262,234,496
221,230,451
174,219,393
135,224,359
76,172,248
78,124,202
54,133,187
45,104,149
52,90,142
46,83,129
15,63,78
20,35,55
10,20,30
7,7,14
1,14,15
7,14,21
18,26,44
25,82,107
66,119,185
155,210,365
189,234,423
212,243,455
225,193,418
272,228,500
198,209,407
223,247,470
208,230,438
186,228,414
116,186,302
59,134,193
53,120,173
48,104,152
38,85,123
11,42,53
4,30,34
4,15,19
2,9,11
2,4,6
2,19,21
5,39,44
12,102,114
27,227,254
58,161,219
107,158,265
139,183,322
164,201,365
146,219,365
147,223,370
130,254,384
154,248,402
125,334,459
108,365,473
69,267,336
37,188,225
27,148,175
22,104,126
12,63,75
14,16,30
2,9,11
1,4,5
2,1,3
0,5,5
0,20,20
9,114,123
19,333,352
31,375,406
40,195,235
38,111,149
31,92,123
51,130,181
42,138,180
54,117,171
36,139,175
63,257,320
70,534,604
46,493,539
33,285,318
31,203,234
17,158,175
27,120,147
10,47,57
2,23,25
2,8,10
0,2,2
0,2,2
1,6,7
0,22,22
5,107,112
15,244,259
27,377,404
14,183,197
15,98,113
18,102,120
9,53,62
25,76,101
8,70,78
3,42,45
5,50,55
16,235,251
11,161,172
7,102,109
9,81,90
9,74,83
3,40,43
13,41,54
1,14,15
3,9,12
0,4,4
2,4,6
2,5,7
1,16,17
1,51,52
5,76,81
10,199,209
3,106,109
16,53,69
8,76,84
10,95,105
20,142,162
22,111,133
27,128,155
36,240,276
47,432,479
20,248,268
18,187,205
15,166,181
8,115,123
13,101,114
2,45,47
10,29,39
8,16,24
0,6,6
1,6,7
0,8,8
0,17,17
4,90,94
10,137,147
23,186,209
16,164,180
17,108,125
11,76,87
13,62,75
18,114,132
37,119,156
61,169,230
80,264,344
55,426,481
62,361,423
27,221,248
19,177,196
22,156,178
20,123,143
15,80,95
18,88,106
9,64,73
17,39,56
5,18,23
0,6,6
1,6,7
5,15,20
17,40,57
24,101,125
50,157,207
115,207,322
153,221,374
195,261,456
171,223,394
242,230,472
166,211,377
179,264,443
177,264,441
121,251,372
61,177,238
42,137,179
53,115,168
45,121,166
33,102,135
22,85,107
13,64,77
13,52,65
11,31,42
5,7,12
1,6,7
3,7,10
9,39,48
28,71,99
39,151,190
121,226,347
159,218,377
167,277,444
169,269,438
204,258,462
182,230,412
177,289,466
152,253,405
102,226,328
52,181,233
49,129,178
14,88,102
42,88,130
14,48,62
12,25,37
2,15,17
4,3,7
0,2,2
2,3,5
1,28,29
7,107,114
10,299,309
33,381,414
26,180,206
43,92,135
35,131,166
39,166,205
49,156,205
44,122,166
66,142,208
64,238,302
80,540,620
49,469,518
45,288,333
40,189,229
36,141,177
16,88,104
10,52,62
8,23,31
4,7,11
1,4,5
0,1,1
0,4,4
2,19,21
4,105,109
15,326,341
25,474,499
29,198,227
27,75,102
35,112,147
42,159,201
48,171,219
32,137,169
66,139,205
58,246,304
72,553,625
58,512,570
31,286,317
23,204,227
28,178,206
22,115,137
7,63,70
11,23,34
7,9,16
1,6,7
0,3,3
0,3,3
3,28,31
1,67,68
10,200,210
17,185,202
14,109,123
33,116,149
13,117,130
20,86,106
17,80,97
21,99,120
21,180,201
11,170,181
8,132,140
8,189,197
5,140,145
6,79,85
13,94,107
14,55,69
3,18,21
3,8,11
1,3,4
1,5,6
1,7,8
0,18,18
3,90,93
8,246,254
17,402,419
16,206,222
21,114,135
16,101,117
23,153,176
20,147,167
32,118,150
38,148,186
46,252,298
36,470,506
39,421,460
39,274,313
18,191,209
13,114,127
5,91,96
11,61,72
0,19,19
2,8,10
0,2,2
0,2,2
0,4,4
0,27,27
1,91,92
11,240,251
20,452,472
15,213,228
25,108,133
27,117,144
32,157,189
22,139,161
40,132,172
26,161,187
35,231,266
30,523,553
31,448,479
25,257,282
5,177,182
13,155,168
7,99,106
3,54,57
3,28,31
3,12,15
2,5,7
1,4,5
1,3,4
1,27,28
3,96,99
12,280,292
8,394,402
9,155,164
12,98,110
12,108,120
17,162,179
19,150,169
32,120,152
24,138,162
33,234,267
33,465,498
24,409,433
18,234,252
11,198,209
4,140,144
21,116,137
15,80,95
11,32,43
1,16,17
2,8,10
1,7,8
1,6,7
0,23,23
2,64,66
10,235,245
8,387,395
15,239,254
19,115,134
34,128,162
44,153,197
33,161,194
54,147,201
45,192,237
53,237,290
42,438,480
35,339,374
14,182,196
15,171,186
8,115,123
6,109,115
17,72,89
4,48,52
5,57,62
7,24,31
0,8,8
3,5,8
0,2,2
3,20,23
3,31,34
4,80,84
30,111,141
56,171,227
69,169,238
137,235,372
148,207,355
159,227,386
141,202,343
128,207,335
100,234,334
52,185,237
45,159,204
29,136,165
19,99,118
10,72,82
4,81,85
10,65,75
11,104,115
6,23,29
5,4,9
0,6,6
0,5,5
5,11,16
4,24,28
19,71,90
36,134,170
76,186,262
104,216,320
120,226,346
105,209,314
101,219,320
96,210,306
84,263,347
71,185,256
39,146,185
21,130,151
16,100,116
11,77,88
5,40,45
7,43,50
1,14,15
2,6,8
0,2,2
0,3,3
2,4,6
1,25,26
2,97,99
6,305,311
13,397,410
18,156,174
28,95,123
28,100,128
21,158,179
32,157,189
30,115,145
38,132,170
40,255,295
39,489,528
18,407,425
20,280,300
17,187,204
10,129,139
6,102,108
1,47,48
0,18,18
3,8,11
0,1,1
0,3,3
0,4,4
1,17,18
3,96,99
7,316,323
11,455,466
14,177,191
25,104,129
21,126,147
28,175,203
31,165,196
32,129,161
33,155,188
39,250,289
40,459,499
30,432,462
14,264,278
12,169,181
16,166,182
13,95,108
3,45,48
0,13,13
0,10,10
0,5,5
0,4,4
0,4,4
0,28,28
0,98,98
0,300,300
19,437,456
22,197,219
16,89,105
21,131,152
24,156,180
31,136,167
26,153,179
21,130,151
24,257,281
27,458,485
21,387,408
12,292,304
18,201,219
9,152,161
9,105,114
5,61,66
0,24,24
1,10,11
0,5,5
0,11,11
1,2,3
1,22,23
4,110,114
6,266,272
18,418,436
23,188,211
17,100,117
9,99,108
18,149,167
9,87,96
6,58,64
5,57,62
6,67,73
9,168,177
10,263,273
19,192,211
8,160,168
6,130,136
5,84,89
9,73,82
10,56,66
3,16,19
1,10,11
0,6,6
0,8,8
0,13,13
0,46,46
5,116,121
9,249,258
15,186,201
38,162,200
20,150,170
41,198,239
57,179,236
64,183,247
29,187,216
49,189,238
24,286,310
23,185,208
17,182,199
12,97,109
4,79,83
13,78,91
6,67,73
12,52,64
9,45,54
7,39,46
4,13,17
0,7,7
1,3,4
0,7,7
3,24,27
14,87,101
18,142,160
62,170,232
102,213,315
142,224,366
128,225,353
191,244,435
165,221,386
137,224,361
92,193,285
53,150,203
32,139,171
31,101,132
19,103,122
30,88,118
23,78,101
12,61,73
13,58,71
9,48,57
8,20,28
1,5,6
2,3,5
5,18,23
13,30,43
24,55,79
38,97,135
63,178,241
108,187,295
112,242,354
105,234,339
108,263,371
89,221,310
93,226,319
44,187,231
35,155,190
36,121,157
24,115,139
19,76,95
25,64,89
18,49,67
8,22,30
5,6,11
7,10,17
4,3,7
0,5,5
0,19,19
10,104,114
11,311,322
27,425,452
29,204,233
26,85,111
22,106,128
36,166,202
50,153,203
47,138,185
53,142,195
51,264,315
55,464,519
29,460,489
28,274,302
30,210,240
37,176,213
17,96,113
13,48,61
7,15,22
5,5,10
7,8,15
0,4,4
1,6,7
2,26,28
4,104,108
21,298,319
27,453,480
26,174,200
23,115,138
18,116,134
28,148,176
21,132,153
27,120,147
36,155,191
31,240,271
29,422,451
27,414,441
27,259,286
26,212,238
23,145,168
19,109,128
14,66,80
5,26,31
0,5,5
4,6,10
2,3,5
1,3,4
0,13,13
4,52,56
7,130,137
9,223,232
5,77,82
4,32,36
7,53,60
5,49,54
6,52,58
12,49,61
16,50,66
13,110,123
17,216,233
13,176,189
3,108,111
5,94,99
3,72,75
1,45,46
3,28,31
2,22,24
0,5,5
0,5,5
0,3,3
1,3,4
1,21,22
3,72,75
4,164,168
12,343,355
14,184,198
7,74,81
4,93,97
6,115,121
15,109,124
5,105,110
10,106,116
8,187,195
20,379,399
9,298,307
7,210,217
7,162,169
3,113,116
1,83,84
0,58,58
2,28,30
0,10,10
2,8,10
0,2,2
0,5,5
0,22,22
1,70,71
5,211,216
6,369,375
6,207,213
10,105,115
18,122,140
22,143,165
31,146,177
31,123,154
27,151,178
19,190,209
17,361,378
16,312,328
7,183,190
8,129,137
3,108,111
9,88,97
5,54,59
4,49,53
1,34,35
12,34,46
4,11,15
4,4,8
0,2,2
2,10,12
3,38,41
12,80,92
12,130,142
35,165,200
50,183,233
93,218,311
118,245,363
121,228,349
120,262,382
99,188,287
61,171,232
36,172,208
33,149,182
48,115,163
29,79,108
26,80,106
20,73,93
1,19,20
1,9,10
1,8,9
1,6,7
0,1,1
1,23,24
5,92,97
11,265,276
15,462,477
9,215,224
7,86,93
7,95,102
9,139,148
17,137,154
20,130,150
10,144,154
9,192,201
9,409,418
12,393,405
9,219,228
12,178,190
8,154,162
5,99,104
3,70,73
6,32,38
1,14,15
0,10,10
0,1,1
0,3,3
0,23,23
3,84,87
6,199,205
13,432,445
12,234,246
16,89,105
18,142,160
18,186,204
19,188,207
25,145,170
24,175,199
22,254,276
20,391,411
10,362,372
13,252,265
12,178,190
9,102,111
7,95,102
14,81,95
10,65,75
9,62,71
9,41,50
4,5,9
1,7,8
0,6,6
1,10,11
2,24,26
1,62,63
25,99,124
22,173,195
48,227,275
78,280,358
70,222,292
92,251,343
100,237,337
75,230,305
46,186,232
31,193,224
31,144,175
17,110,127
5,104,109
17,97,114
12,73,85
19,64,83
20,54,74
11,51,62
7,34,41
2,9,11
2,2,4
1,3,4
3,23,26
7,48,55
12,114,126
36,180,216
48,206,254
82,247,329
88,269,357
77,246,323
69,227,296
64,266,330
38,207,245
10,161,171
15,158,173
8,116,124
7,65,72
5,59,64
3,42,45
3,21,24
2,10,12
0,8,8
0,2,2
0,7,7
1,24,25
1,89,90
9,274,283
12,392,404
12,178,190
9,78,87
17,106,123
29,125,154
18,153,171
7,126,133
16,132,148
10,238,248
16,430,446
13,386,399
13,295,308
15,190,205
10,166,176
12,94,106
8,54,62
3,25,28
2,14,16
0,3,3
0,3,3
0,7,7
0,20,20
5,81,86
7,227,234
13,401,414
4,200,204
6,44,50
4,28,32
5,50,55
6,65,71
6,69,75
2,43,45
4,84,88
13,249,262
17,287,304
10,223,233
3,107,110
6,108,114
5,82,87
5,48,53
3,30,33
4,9,13
2,4,6
0,3,3
0,1,1
0,3,3
0,18,18
3,43,46
6,80,86
0,64,64
1,32,33
3,47,50
4,29,33
5,28,33
1,24,25
5,25,30
3,28,31
4,48,52
3,48,51
2,31,33
1,25,26
0,6,6
0,13,13
0,16,16
0,21,21
1,6,7
0,4,4
0,1,1
0,2,2
0,12,12
0,71,71
11,233,244
11,418,429
7,218,225
1,109,110
6,100,106
8,148,156
9,115,124
16,121,137
19,98,117
7,201,208
10,321,331
12,306,318
12,220,232
5,170,175
4,135,139
8,84,92
3,58,61
8,26,34
2,12,14
2,10,12
1,5,6
1,1,2
0,20,20
1,62,63
4,195,199
7,378,385
8,256,264
11,115,126
15,121,136
27,146,173
27,141,168
24,163,187
29,160,189
24,226,250
10,352,362
10,308,318
10,189,199
10,140,150
9,131,140
15,114,129
6,88,94
11,66,77
11,55,66
12,48,60
5,20,25
0,3,3
0,6,6
1,10,11
0,11,11
5,68,73
15,134,149
31,161,192
44,192,236
48,235,283
47,239,286
51,242,293
60,239,299
58,183,241
34,151,185
28,144,172
15,139,154
10,114,124
4,79,83
7,88,95
5,61,66
5,69,74
8,54,62
5,47,52
2,17,19
0,5,5
0,6,6
0,10,10
1,30,31
4,68,72
19,88,107
30,164,194
31,166,197
42,246,288
44,224,268
44,198,242
47,219,266
32,174,206
13,150,163
12,151,163
7,98,105
10,62,72
10,53,63
7,36,43
4,31,35
4,16,20
0,9,9
0,4,4
0,2,2
0,3,3
0,21,21
1,63,64
4,231,235
7,378,385
12,208,220
14,91,105
15,100,115
7,138,145
13,153,166
16,95,111
8,124,132
5,209,214
7,352,359
8,349,357
9,232,241
8,157,165
2,119,121
0,71,71
3,42,45
1,16,17
0,4,4
1,1,2
0,3,3
0,4,4
0,20,20
0,92,92
2,221,223
9,391,400
10,223,233
3,99,102
9,115,124
20,147,167
7,120,127
18,116,134
7,144,151
13,194,207
17,381,398
12,370,382
5,262,267
7,154,161
5,134,139
5,102,107
4,55,59
0,22,22
0,8,8
0,2,2
0,3,3
0,4,4
0,26,26
0,87,87
4,243,247
9,458,467
9,230,239
9,133,142
12,103,115
6,138,144
14,119,133
17,134,151
24,143,167
12,233,245
19,377,396
11,379,390
9,259,268
6,169,175
9,145,154
5,99,104
3,48,51
5,45,50
5,15,20
2,5,7
1,2,3
0,6,6
0,24,24
2,90,92
6,252,258
8,449,457
6,274,280
4,105,109
9,126,135
17,140,157
14,150,164
8,124,132
6,76,82
7,124,131
14,310,324
14,363,377
13,274,287
12,209,221
10,145,155
8,116,124
10,104,114
12,60,72
3,28,31
0,23,23
2,3,5
1,4,5
0,26,26
2,80,82
5,226,231
10,449,459
8,235,243
10,122,132
9,135,144
10,163,173
12,125,137
13,115,128
12,141,153
12,212,224
13,352,365
10,285,295
11,203,214
6,146,152
7,95,102
6,100,106
4,71,75
3,59,62
4,39,43
11,47,58
4,22,26
0,9,9
2,7,9
0,17,17
0,20,20
4,55,59
5,95,100
10,171,181
21,188,209
28,216,244
32,204,236
30,207,237
33,195,228
30,192,222
12,153,165
7,150,157
11,95,106
7,99,106
8,88,96
7,73,80
6,63,69
7,64,71
3,43,46
2,39,41
2,16,18
0,1,1
1,4,5
0,3,3
1,11,12
1,31,32
6,75,81
7,122,129
20,168,188
26,202,228
18,210,228
19,200,219
23,184,207
27,207,234
10,126,136
15,123,138
5,130,135
10,94,104
9,80,89
2,47,49
6,31,37
3,14,17
3,8,11
0,3,3
0,3,3
0,4,4
0,21,21
0,68,68
4,187,191
8,389,397
17,166,183
12,96,108
22,105,127
13,128,141
15,127,142
30,107,137
24,135,159
19,189,208
16,362,378
11,343,354
17,234,251
9,197,206
15,112,127
12,95,107
10,50,60
5,43,48
15,78,93
16,59,75
11,41,52
0,8,8
0,5,5
1,1,2
1,6,7
4,10,14
13,27,40
18,52,70
40,98,138
58,143,201
82,141,223
120,147,267
101,164,265
68,147,215
36,75,111
25,81,106
20,85,105
25,58,83
10,61,71
13,53,66
4,25,29
8,31,39
1,11,12
1,6,7
0,4,4
1,3,4
0,14,14
0,16,16
2,51,53
15,53,68
20,89,109
33,142,175
41,161,202
26,150,176
10,141,151
29,139,168
10,144,154
17,136,153
13,113,126
4,89,93
5,83,88
3,63,66
3,36,39
2,32,34
0,13,13
1,5,6
0,3,3
0,2,2
0,5,5
0,12,12
4,81,85
2,168,170
5,349,354
8,145,153
5,55,60
12,63,75
4,70,74
5,68,73
7,72,79
9,68,77
7,129,136
4,241,245
10,214,224
4,152,156
0,115,115
2,66,68
0,33,33
0,18,18
0,9,9
0,3,3
0,1,1
0,1,1
0,2,2
0,14,14
0,59,59
1,151,152
5,310,315
7,173,180
7,57,64
6,40,46
9,75,84
9,82,91
6,69,75
9,81,90
8,123,131
9,272,281
9,280,289
2,182,184
2,121,123
2,88,90
4,48,52
0,32,32
1,13,14
0,5,5
0,4,4
0,4,4
0,5,5
0,26,26
0,78,78
3,212,215
11,377,388
7,220,227
5,81,86
6,78,84
6,114,120
6,112,118
13,104,117
6,113,119
19,178,197
19,393,412
9,374,383
10,255,265
5,172,177
9,88,97
1,70,71
4,56,60
1,24,25
2,6,8
2,3,5
1,3,4
0,3,3
0,13,13
1,69,70
4,201,205
11,436,447
4,237,241
14,102,116
8,130,138
23,168,191
16,188,204
26,152,178
44,178,222
35,259,294
20,456,476
28,391,419
11,261,272
14,163,177
17,137,154
12,123,135
13,88,101
2,77,79
6,56,62
2,36,38
1,19,20
1,9,10
2,7,9
0,7,7
0,20,20
0,64,64
14,116,130
43,160,203
74,250,324
100,276,376
149,296,445
156,356,512
132,317,449
133,268,401
87,235,322
49,248,297
44,171,215
21,149,170
22,118,140
16,93,109
16,103,119
14,77,91
10,62,72
10,57,67
6,26,32
2,4,6
0,2,2
0,2,2
1,23,24
4,53,57
23,102,125
27,181,208
55,201,256
78,273,351
77,266,343
75,253,328
89,241,330
58,256,314
22,197,219
19,162,181
8,104,112
7,119,126
10,81,91
4,54,58
0,30,30
3,12,15
1,4,5
2,3,5
0,3,3
0,4,4
0,21,21
3,85,88
1,239,240
13,407,420
9,188,197
13,95,108
6,82,88
10,93,103
3,77,80
5,45,50
5,64,69
3,46,49
5,147,152
6,158,164
3,187,190
5,127,132
1,78,79
8,54,62
1,51,52
0,14,14
2,3,5
2,2,4
0,4,4
0,23,23
0,79,79
3,219,222
6,465,471
11,184,195
3,80,83
8,93,101
13,127,140
15,163,178
10,96,106
17,119,136
15,225,240
14,446,460
13,372,385
11,270,281
10,190,200
7,109,116
10,104,114
3,38,41
2,26,28
1,6,7
0,5,5
0,4,4
0,2,2
0,22,22
2,72,74
9,247,256
11,488,499
7,218,225
13,84,97
9,90,99
4,51,55
8,57,65
3,70,73
6,73,79
6,112,118
6,128,134
2,96,98
1,92,93
2,55,57
0,29,29
0,49,49
0,9,9
0,3,3
0,3,3
1,1,2
0,3,3
0,2,2
0,16,16
1,88,89
2,218,220
11,497,508
10,220,230
6,84,90
18,101,119
14,130,144
13,170,183
24,132,156
32,156,188
33,248,281
23,472,495
22,399,421
17,313,330
11,229,240
12,162,174
12,121,133
7,60,67
4,38,42
0,12,12
1,13,14
3,4,7
1,2,3
0,21,21
2,71,73
3,174,177
11,408,419
10,204,214
2,101,103
12,102,114
14,140,154
14,140,154
10,119,129
15,123,138
18,215,233
15,317,332
7,294,301
7,199,206
6,130,136
7,95,102
7,58,65
5,60,65
2,42,44
6,44,50
6,32,38
6,14,20
0,3,3
0,4,4
0,5,5
0,24,24
3,89,92
3,78,81
14,135,149
28,150,178
30,189,219
38,182,220
52,179,231
49,177,226
28,178,206
15,129,144
21,122,143
12,90,102
8,95,103
3,66,69
4,62,66
5,71,76
9,50,59
2,40,42
5,38,43
1,24,25
1,5,6
0,5,5
1,7,8
3,14,17
2,34,36
10,80,90
11,115,126
21,144,165
42,192,234
40,184,224
25,163,188
33,173,206
31,174,205
15,131,146
7,113,120
9,101,110
10,85,95
1,71,72
2,58,60
3,26,29
2,23,25
2,18,20
3,14,17
0,3,3
2,6,8
1,5,6
0,13,13
5,28,33
3,75,78
7,89,96
19,107,126
21,158,179
20,165,185
26,202,228
23,158,181
17,175,192
22,158,180
19,174,193
6,175,181
10,134,144
2,88,90
3,46,49
4,39,43
0,28,28
0,12,12
0,2,2
0,12,12
0,2,2
0,13,13
0,57,57
5,121,126
3,90,93
7,61,68
1,61,62
2,73,75
3,83,86
8,95,103
12,120,132
6,123,129
14,205,219
20,442,462
12,451,463
11,297,308
11,169,180
6,174,180
5,85,90
1,60,61
3,14,17
0,10,10
1,1,2
1,3,4
0,1,1
0,29,29
0,88,88
1,262,263
15,474,489
6,196,202
5,88,93
4,110,114
6,155,161
6,124,130
7,98,105
8,122,130
13,163,176
8,338,346
8,347,355
5,251,256
1,164,165
5,119,124
4,74,78
2,36,38
0,16,16
0,5,5
0,3,3
0,4,4
0,1,1
0,19,19
0,86,86
2,204,206
9,414,423
6,204,210
10,98,108
6,93,99
5,106,111
6,118,124
15,104,119
9,118,127
8,185,193
21,364,385
16,345,361
5,229,234
7,184,191
4,117,121
0,90,90
1,55,56
0,31,31
0,4,4
1,6,7
0,3,3
0,1,1
0,18,18
0,67,67
7,201,208
15,505,520
9,267,276
9,124,133
27,116,143
26,153,179
12,174,186
33,159,192
25,169,194
22,261,283
31,508,539
12,514,526
20,315,335
10,254,264
16,217,233
7,133,140
22,75,97
7,24,31
3,14,17
2,7,9
0,2,2
0,1,1
0,19,19
1,73,74
4,201,205
9,436,445
15,213,228
6,72,78
6,99,105
8,140,148
13,124,137
12,129,141
24,150,174
18,211,229
13,437,450
17,393,410
16,311,327
9,204,213
4,144,148
3,106,109
0,61,61
1,37,38
3,19,22
0,6,6
0,4,4
0,2,2
0,17,17
0,88,88
10,216,226
12,429,441
18,252,270
15,114,129
15,149,164
25,191,216
25,173,198
22,148,170
48,168,216
36,275,311
30,458,488
17,368,385
11,256,267
8,155,163
8,126,134
3,116,119
3,74,77
10,76,86
0,43,43
6,38,44
1,17,18
1,5,6
1,3,4
1,4,5
1,27,28
4,86,90
16,141,157
31,193,224
46,224,270
40,260,300
58,244,302
47,229,276
61,244,305
20,123,143
13,54,67
6,58,64
5,75,80
4,73,77
4,74,78
4,91,95
4,66,70
3,58,61
5,46,51
4,59,63
4,13,17
0,9,9
0,4,4
0,4,4
0,16,16
4,58,62
9,83,92
10,138,148
22,160,182
25,223,248
33,241,274
40,203,243
55,217,272
35,261,296
31,275,306
10,171,181
6,63,69
3,47,50
6,60,66
9,182,191
4,38,42
7,14,21
0,6,6
0,3,3
0,2,2
0,17,17
0,72,72
5,229,234
10,434,444
8,269,277
20,96,116
12,104,116
19,131,150
17,124,141
14,126,140
25,146,171
13,215,228
13,417,430
11,426,437
7,284,291
7,194,201
11,143,154
4,83,87
3,43,46
1,22,23
8,6,14
0,4,4
1,1,2
0,3,3
0,15,15
2,98,100
6,293,299
7,522,529
11,278,289
12,104,116
9,120,129
9,163,172
15,169,184
11,127,138
13,133,146
19,257,276
15,494,509
10,508,518
11,327,338
6,206,212
20,170,190
11,107,118
2,49,51
2,21,23
1,9,10
0,1,1
0,1,1
0,1,1
0,20,20
3,95,98
5,276,281
13,495,508
8,245,253
1,107,108
5,97,102
14,124,138
15,111,126
8,100,108
5,49,54
2,73,75
8,147,155
4,163,167
3,158,161
3,122,125
3,126,129
3,95,98
3,57,60
3,23,26
2,10,12
0,2,2
0,4,4
0,1,1
0,18,18
1,75,76
4,263,267
11,473,484
9,229,238
7,90,97
4,95,99
10,148,158
10,144,154
18,126,144
14,120,134
15,223,238
12,387,399
13,404,417
8,287,295
2,197,199
8,169,177
3,104,107
9,75,84
4,39,43
2,11,13
7,9,16
0,5,5
0,2,2
0,17,17
3,61,64
5,225,230
1,447,448
10,265,275
5,119,124
19,134,153
8,168,176
22,170,192
8,138,146
27,164,191
28,240,268
15,381,396
14,345,359
16,246,262
7,144,151
14,108,122
11,102,113
1,64,65
3,50,53
2,43,45
2,24,26
0,9,9
0,4,4
0,2,2
1,8,9
0,19,19
1,77,78
5,85,90
23,143,166
26,157,183
25,196,221
18,217,235
38,205,243
12,112,124
12,134,146
13,131,144
3,105,108
2,85,87
1,62,63
5,43,48
0,46,46
0,20,20
0,21,21
0,24,24
1,26,27
0,14,14
0,1,1
0,3,3
0,2,2
0,18,18
0,26,26
3,60,63
8,83,91
3,121,124
7,133,140
10,128,138
9,102,111
5,150,155
16,148,164
4,83,87
4,92,96
2,78,80
1,56,57
0,36,36
0,28,28
0,23,23
0,9,9
0,6,6
0,4,4
0,1,1
0,2,2
0,17,17
1,71,72
1,194,195
4,413,417
7,198,205
1,70,71
5,85,90
7,111,118
11,129,140
10,125,135
10,145,155
5,206,211
8,399,407
6,399,405
7,256,263
4,210,214
2,145,147
3,99,102
2,34,36
0,14,14
0,6,6
0,3,3
0,3,3
0,2,2
2,20,22
1,89,90
4,276,280
3,510,513
6,256,262
8,90,98
5,107,112
10,162,172
6,167,173
13,111,124
7,138,145
15,251,266
19,504,523
8,398,406
11,270,281
6,178,184
4,105,109
5,72,77
2,55,57
0,22,22
0,5,5
0,4,4
0,3,3
0,1,1
0,25,25
3,92,95
3,318,321
7,508,515
5,226,231
12,108,120
13,125,138
11,152,163
11,159,170
6,128,134
7,164,171
9,222,231
17,470,487
9,459,468
9,302,311
4,207,211
8,170,178
3,104,107
4,54,58
1,22,23
0,5,5
1,6,7
0,1,1
0,3,3
0,20,20
4,83,87
3,285,288
9,489,498
3,199,202
2,42,44
2,69,71
1,44,45
2,62,64
1,30,31
3,50,53
8,110,118
8,281,289
8,345,353
4,254,258
5,211,216
3,142,145
3,108,111
3,70,73
2,32,34
2,16,18
1,11,12
0,1,1
0,1,1
0,16,16
1,70,71
4,222,226
4,516,520
8,275,283
13,103,116
9,133,142
21,177,198
34,171,205
33,137,170
41,180,221
56,251,307
36,429,465
15,362,377
16,266,282
13,158,171
15,114,129
15,92,107
10,72,82
5,81,86
7,38,45
6,39,45
3,15,18
3,4,7
0,1,1
1,8,9
8,33,41
10,92,102
22,116,138
48,157,205
102,184,286
128,241,369
165,219,384
183,244,427
229,270,499
186,218,404
142,222,364
70,176,246
38,150,188
25,123,148
25,89,114
17,101,118
12,62,74
9,65,74
10,62,72
3,45,48
3,12,15
0,3,3
1,1,2
0,5,5
2,12,14
8,48,56
20,73,93
49,142,191
82,144,226
71,184,255
64,197,261
48,189,237
85,168,253
62,150,212
22,135,157
23,144,167
18,101,119
22,81,103
3,33,36
8,47,55
5,30,35
1,10,11
0,12,12
0,6,6
0,3,3
0,5,5
0,18,18
2,107,109
8,296,304
15,579,594
5,281,286
11,122,133
19,149,168
16,204,220
24,187,211
37,174,211
31,192,223
38,323,361
49,551,600
27,498,525
11,317,328
12,242,254
7,190,197
3,123,126
9,76,85
1,45,46
2,18,20
2,4,6
0,3,3
0,2,2
0,24,24
4,88,92
4,258,262
16,533,549
15,299,314
14,118,132
40,154,194
40,194,234
31,191,222
29,176,205
5,73,78
1,49,50
5,123,128
6,154,160
12,162,174
7,93,100
2,99,101
6,69,75
4,19,23
1,21,22
0,44,44
4,34,38
1,20,21
0,2,2
1,1,2
1,6,7
2,14,16
2,46,48
7,87,94
31,137,168
33,181,214
47,252,299
87,252,339
151,279,430
145,254,399
167,300,467
106,279,385
53,250,303
34,191,225
28,121,149
24,130,154
19,115,134
12,94,106
5,67,72
16,60,76
14,66,80
5,21,26
3,11,14
0,5,5
0,5,5
2,21,23
12,54,66
14,104,118
31,161,192
64,192,256
71,256,327
108,256,364
106,226,332
82,252,334
68,231,299
49,214,263
20,164,184
12,120,132
8,80,88
9,70,79
9,53,62
2,24,26
2,15,17
3,3,6
1,3,4
0,1,1
0,1,1
1,17,18
2,89,91
7,253,260
13,415,428
11,186,197
12,74,86
17,86,103
15,122,137
11,109,120
13,115,128
20,110,130
30,180,210
11,376,387
12,363,375
6,220,226
8,171,179
4,116,120
2,76,78
2,29,31
0,8,8
0,6,6
0,4,4
0,1,1
0,3,3
0,25,25
3,99,102
5,270,275
14,487,501
11,222,233
16,113,129
20,110,130
9,129,138
16,148,164
20,116,136
24,142,166
22,228,250
21,425,446
15,442,457
9,278,287
3,184,187
5,143,148
5,101,106
3,51,54
3,12,15
1,4,5
0,4,4
1,2,3
0,3,3
0,18,18
4,104,108
12,332,344
12,554,566
12,252,264
20,127,147
33,128,161
40,175,215
26,179,205
38,137,175
44,165,209
34,254,288
58,554,612
35,509,544
16,345,361
18,242,260
11,177,188
10,149,159
4,58,62
11,35,46
4,17,21
6,5,11
0,3,3
0,2,2
1,28,29
4,105,109
8,326,334
12,573,585
19,282,301
19,119,138
48,156,204
27,224,251
35,198,233
48,155,203
24,161,185
37,305,342
52,545,597
45,545,590
21,395,416
20,282,302
27,206,233
12,141,153
6,88,94
3,51,54
4,22,26
2,9,11
0,7,7
0,1,1
2,27,29
2,83,85
6,262,268
17,484,501
17,267,284
14,145,159
17,170,187
27,174,201
49,175,224
49,129,178
50,188,238
51,292,343
68,498,566
30,440,470
12,232,244
3,156,159
8,133,141
7,100,107
9,77,86
9,68,77
1,50,51
12,30,42
0,16,16
1,3,4
3,7,10
1,11,12
4,36,40
15,96,111
21,127,148
47,176,223
56,218,274
88,241,329
89,268,357
117,262,379
132,274,406
115,275,390
104,250,354
67,230,297
25,159,184
20,101,121
16,94,110
19,81,100
6,77,83
7,62,69
4,57,61
15,51,66
7,15,22
2,5,7
2,8,10
2,15,17
4,68,72
20,70,90
71,147,218
90,209,299
146,264,410
176,288,464
212,289,501
201,286,487
208,301,509
199,299,498
133,256,389
55,203,258
42,129,171
37,110,147
13,81,94
12,40,52
4,20,24
1,9,10
4,5,9
0,2,2
0,3,3
1,15,16
2,86,88
9,259,268
17,547,564
21,260,281
39,98,137
39,111,150
59,162,221
74,176,250
76,145,221
74,159,233
77,255,332
87,557,644
89,623,712
67,379,446
49,237,286
22,183,205
17,116,133
10,53,63
5,21,26
2,14,16
0,1,1
0,2,2
0,1,1
0,24,24
5,108,113
16,292,308
22,571,593
18,324,342
28,115,143
64,155,219
47,197,244
53,180,233
52,160,212
68,196,264
53,312,365
62,614,676
96,638,734
50,429,479
45,306,351
44,200,244
24,146,170
8,79,87
5,34,39
2,25,27
0,2,2
1,3,4
1,4,5
2,25,27
1,120,121
20,348,368
34,628,662
26,325,351
38,150,188
65,155,220
55,212,267
57,197,254
61,163,224
86,197,283
78,278,356
140,642,782
102,647,749
70,402,472
44,286,330
47,241,288
43,159,202
19,72,91
14,46,60
15,8,23
14,5,19
0,7,7
11,3,14
2,24,26
4,113,117
14,367,381
21,602,623
30,285,315
34,130,164
60,151,211
59,206,265
62,211,273
81,177,258
100,187,287
95,331,426
79,634,713
98,648,746
72,353,425
60,270,330
36,207,243
32,137,169
12,85,97
8,49,57
4,22,26
0,4,4
0,3,3
0,3,3
2,30,32
3,96,99
13,265,278
28,534,562
35,277,312
44,136,180
40,167,207
72,222,294
52,208,260
56,146,202
19,88,107
18,111,129
23,235,258
31,377,408
23,273,296
31,204,235
8,144,152
16,132,148
22,104,126
13,87,100
12,57,69
10,32,42
2,24,26
0,2,2
5,3,8
1,29,30
29,57,86
63,155,218
104,217,321
140,303,443
226,359,585
286,365,651
286,400,686
352,338,690
357,322,679
367,318,685
291,357,648
221,339,560
155,262,417
89,182,271
54,169,223
58,153,211
34,151,185
27,80,107
25,88,113
15,41,56
3,15,18
6,8,14
0,6,6
2,9,11
17,25,42
25,71,96
65,113,178
139,212,351
129,239,368
222,281,503
198,346,544
218,303,521
240,314,554
229,312,541
233,308,541
165,294,459
118,234,352
59,139,198
44,129,173
21,79,100
7,39,46
4,19,23
0,15,15
1,7,8
0,2,2
0,3,3
0,31,31
2,118,120
25,329,354
16,563,579
55,276,331
56,128,184
56,145,201
71,211,282
69,194,263
60,200,260
97,189,286
65,320,385
106,615,721
120,681,801
86,463,549
34,296,330
33,190,223
17,131,148
9,45,54
8,59,67
13,49,62
20,61,81
4,21,25
3,9,12
8,10,18
9,88,97
29,55,84
37,88,125
102,173,275
132,228,360
180,271,451
187,258,445
190,274,464
283,278,561
295,278,573
236,275,511
232,323,555
153,279,432
110,236,346
66,166,232
33,101,134
7,61,68
10,53,63
6,11,17
0,5,5
2,3,5
2,2,4
2,22,24
6,104,110
12,294,306
36,553,589
52,265,317
85,119,204
81,128,209
100,181,281
97,184,281
127,141,268
132,192,324
104,291,395
128,601,729
75,543,618
66,428,494
48,281,329
24,214,238
17,106,123
6,60,66
1,32,33
0,11,11
0,5,5
0,3,3
0,1,1
2,25,27
2,98,100
14,327,341
27,577,604
54,354,408
77,142,219
91,167,258
101,230,331
120,225,345
120,191,311
109,207,316
145,340,485
123,634,757
139,661,800
98,460,558
54,325,379
33,210,243
25,133,158
13,66,79
18,23,41
0,11,11
0,5,5
0,3,3
0,1,1
0,27,27
6,120,126
12,354,366
31,653,684
47,316,363
68,99,167
61,152,213
73,210,283
70,181,251
82,176,258
86,182,268
86,304,390
99,645,744
113,646,759
75,419,494
39,333,372
43,255,298
30,151,181
19,112,131
12,33,45
4,9,13
7,11,18
0,5,5
0,1,1
1,28,29
8,118,126
15,339,354
28,610,638
61,290,351
88,158,246
109,159,268
66,210,276
89,202,291
143,144,287
98,171,269
84,318,402
145,677,822
80,618,698
64,423,487
33,279,312
25,209,234
20,129,149
12,124,136
12,49,61
10,28,38
6,5,11
3,5,8
2,3,5
0,23,23
0,80,80
15,231,246
19,489,508
58,318,376
81,157,238
112,179,291
113,224,337
173,238,411
240,250,490
218,319,537
184,352,536
172,483,655
104,380,484
115,297,412
61,191,252
54,136,190
34,124,158
21,92,113
9,85,94
9,60,69
11,25,36
7,21,28
3,4,7
0,2,2
1,18,19
14,40,54
29,94,123
103,173,276
187,176,363
251,244,495
320,270,590
355,288,643
326,252,578
321,305,626
354,261,615
299,268,567
227,290,517
170,243,413
73,135,208
75,159,234
76,106,182
32,86,118
21,64,85
14,50,64
7,25,32
8,18,26
0,7,7
4,8,12
7,21,28
12,25,37
19,65,84
71,108,179
113,186,299
195,209,404
198,259,457
229,254,483
254,249,503
260,226,486
232,244,476
185,226,411
151,159,310
89,187,276
65,146,211
53,77,130
33,85,118
10,41,51
8,29,37
4,12,16
2,4,6
0,3,3
2,3,5
2,30,32
3,108,111
11,320,331
22,595,617
50,236,286
65,113,178
96,127,223
94,186,280
108,173,281
66,152,218
82,173,255
81,310,391
67,565,632
60,586,646
35,386,421
21,255,276
14,151,165
6,102,108
6,61,67
3,23,26
0,9,9
0,2,2
0,2,2
0,2,2
0,24,24
3,100,103
16,368,384
22,670,692
16,303,319
49,132,181
78,161,239
75,184,259
81,202,283
75,149,224
46,157,203
66,296,362
88,656,744
78,626,704
51,428,479
34,248,282
15,191,206
9,118,127
14,48,62
8,22,30
3,9,12
0,2,2
0,2,2
1,26,27
3,103,106
18,303,321
14,581,595
20,282,302
26,127,153
38,142,180
35,147,182
16,147,163
34,101,135
50,152,202
51,256,307
52,527,579
39,546,585
28,356,384
22,213,235
11,154,165
4,130,134
9,52,61
1,22,23
2,7,9
0,4,4
2,3,5
0,1,1
0,21,21
2,94,96
12,294,306
20,604,624
16,271,287
38,103,141
50,174,224
60,199,259
55,148,203
74,150,224
42,169,211
54,299,353
60,596,656
63,547,610
50,383,433
26,254,280
13,174,187
15,143,158
8,86,94
14,41,55
2,28,30
6,5,11
3,8,11
1,4,5
2,19,21
0,84,84
13,283,296
24,539,563
36,294,330
59,133,192
75,158,233
104,218,322
112,246,358
125,223,348
115,237,352
113,350,463
117,621,738
107,564,671
75,352,427
44,242,286
36,153,189
34,181,215
35,163,198
11,85,96
10,60,70
3,53,56
6,26,32
5,9,14
2,5,7
2,19,21
8,56,64
24,136,160
59,206,265
139,267,406
207,357,564
274,404,678
308,370,678
288,372,660
311,347,658
253,329,582
251,309,560
197,284,481
163,296,459
112,209,321
53,167,220
64,148,212
45,151,196
30,94,124
17,89,106
20,54,74
18,27,45
2,10,12
4,6,10
5,11,16
16,30,46
33,64,97
97,154,251
186,235,421
227,301,528
275,360,635
298,383,681
282,346,628
266,351,617
286,330,616
262,361,623
184,295,479
114,265,379
86,205,291
76,153,229
37,97,134
25,65,90
15,26,41
7,21,28
5,9,14
3,5,8
0,6,6
4,34,38
10,123,133
20,367,387
48,549,597
59,238,297
75,149,224
115,136,251
75,196,271
79,184,263
105,183,288
81,194,275
92,266,358
111,601,712
87,589,676
61,461,522
48,327,375
39,232,271
35,179,214
24,97,121
10,33,43
6,5,11
1,3,4
0,6,6
3,6,9
1,29,30
8,136,144
18,443,461
42,631,673
71,329,400
52,165,217
65,174,239
65,179,244
52,187,239
59,198,257
91,217,308
50,320,370
108,673,781
105,670,775
73,464,537
44,358,402
37,260,297
18,144,162
10,72,82
3,35,38
1,13,14
1,8,9
0,6,6
0,7,7
0,34,34
6,128,134
10,408,418
25,551,576
20,245,265
31,116,147
14,105,119
15,95,110
13,51,64
8,43,51
10,88,98
36,199,235
46,442,488
27,478,505
26,342,368
8,252,260
24,165,189
9,153,162
14,56,70
5,20,25
2,11,13
2,4,6
1,3,4
0,4,4
0,30,30
4,116,120
15,391,406
26,651,677
31,270,301
46,143,189
46,183,229
51,213,264
52,186,238
54,183,237
66,196,262
63,324,387
85,663,748
99,677,776
70,516,586
52,352,404
27,240,267
29,219,248
20,124,144
7,28,35
0,21,21
1,7,8
1,2,3
1,7,8
0,17,17
2,24,26
8,161,169
19,538,557
18,331,349
30,144,174
50,179,229
41,228,269
41,208,249
37,167,204
48,186,234
41,313,354
65,616,681
81,662,743
58,429,487
36,299,335
31,251,282
21,190,211
16,79,95
4,43,47
8,7,15
7,9,16
0,6,6
2,2,4
2,31,33
3,117,120
14,344,358
26,640,666
26,289,315
28,147,175
39,145,184
35,210,245
49,179,228
51,189,240
52,204,256
54,313,367
70,659,729
43,770,813
43,461,504
42,296,338
21,218,239
27,146,173
21,77,98
15,75,90
9,15,24
4,13,17
2,4,6
0,2,2
1,20,21
8,128,136
8,376,384
19,608,627
25,279,304
36,132,168
34,167,201
64,237,301
48,217,265
33,171,204
63,220,283
45,325,370
87,617,704
64,642,706
55,467,522
52,368,420
42,257,299
29,217,246
21,100,121
19,70,89
15,33,48
0,11,11
0,14,14
0,4,4
0,24,24
8,127,135
9,347,356
34,584,618
32,262,294
45,154,199
77,181,258
46,125,171
71,207,278
83,159,242
103,240,343
82,358,440
96,547,643
77,564,641
64,388,452
58,255,313
49,186,235
50,182,232
51,205,256
42,111,153
28,79,107
24,51,75
11,21,32
0,9,9
8,14,22
9,33,42
8,79,87
42,155,197
61,223,284
148,284,432
221,354,575
220,330,550
217,307,524
187,241,428
241,300,541
230,310,540
204,298,502
156,278,434
151,254,405
100,209,309
86,183,269
67,150,217
35,114,149
23,111,134
37,84,121
29,64,93
9,19,28
9,7,16
1,10,11
3,14,17
5,31,36
23,91,114
63,128,191
112,221,333
144,270,414
207,351,558
197,368,565
226,292,518
229,342,571
181,363,544
195,316,511
131,332,463
117,266,383
73,203,276
55,148,203
44,113,157
22,80,102
13,21,34
1,8,9
1,5,6
2,3,5
0,2,2
2,21,23
8,134,142
18,367,385
31,608,639
61,289,350
62,128,190
64,149,213
74,189,263
75,197,272
59,180,239
76,186,262
68,320,388
102,667,769
78,602,680
83,463,546
46,277,323
37,210,247
26,147,173
21,92,113
10,28,38
6,3,9
9,7,16
2,4,6
0,5,5
0,20,20
7,158,165
21,442,463
36,605,641
37,258,295
46,111,157
60,157,217
60,203,263
53,166,219
8,63,71
40,94,134
54,335,389
77,640,717
69,641,710
59,399,458
40,262,302
21,202,223
13,134,147
10,53,63
8,27,35
3,11,14
0,1,1
0,2,2
0,5,5
1,27,28
5,121,126
17,401,418
28,594,622
40,285,325
40,113,153
45,156,201
58,222,280
50,216,266
68,175,243
68,191,259
68,289,357
76,629,705
23,349,372
2,96,98
3,48,51
4,30,34
5,62,67
8,47,55
2,31,33
2,9,11
0,3,3
0,3,3
0,2,2
1,23,24
9,130,139
8,393,401
27,603,630
62,299,361
42,112,154
77,179,256
65,207,272
90,228,318
61,186,247
79,192,271
87,334,421
84,648,732
109,661,770
84,469,553
59,315,374
19,211,230
36,196,232
23,112,135
17,47,64
14,32,46
15,16,31
5,8,13
3,6,9
3,23,26
7,128,135
6,345,351
41,579,620
34,288,322
69,141,210
88,203,291
89,259,348
100,263,363
116,218,334
140,299,439
128,397,525
102,677,779
78,518,596
73,430,503
64,277,341
45,225,270
44,190,234
38,142,180
25,111,136
14,79,93
10,46,56
14,20,34
3,6,9
5,8,13
10,23,33
10,57,67
22,156,178
87,248,335
132,279,411
157,365,522
206,353,559
293,366,659
257,358,615
269,321,590
254,337,591
233,343,576
164,382,546
166,273,439
113,174,287
74,156,230
62,212,274
42,134,176
19,79,98
22,72,94
22,60,82
2,26,28
2,7,9
4,8,12
6,15,21
18,42,60
32,124,156
79,143,222
128,222,350
150,278,428
189,342,531
255,347,602
228,324,552
190,309,499
225,339,564
191,287,478
129,260,389
107,232,339
67,163,230
48,121,169
42,89,131
17,57,74
21,14,35
5,6,11
1,1,2
0,2,2
3,3,6
1,25,26
3,62,65
3,72,75
1,155,156
5,105,110
6,53,59
12,67,79
53,132,185
33,143,176
43,128,171
40,156,196
20,91,111
25,204,229
17,283,300
10,294,304
11,178,189
7,145,152
11,118,129
11,64,75
7,25,32
5,14,19
1,3,4
1,5,6
1,4,5
0,8,8
2,22,24
1,91,92
8,401,409
28,327,355
27,144,171
38,186,224
44,220,264
35,204,239
39,145,184
51,205,256
74,300,374
75,603,678
68,665,733
57,455,512
30,233,263
11,98,109
9,74,83
13,58,71
12,27,39
7,14,21
5,14,19
1,5,6
1,3,4
4,34,38
8,150,158
14,426,440
33,617,650
33,314,347
43,149,192
55,212,267
59,271,330
77,273,350
42,221,263
52,222,274
70,376,446
104,769,873
97,749,846
91,499,590
61,398,459
63,330,393
33,253,286
26,107,133
30,49,79
12,16,28
8,8,16
0,3,3
3,13,16
1,34,35
10,149,159
25,449,474
29,605,634
57,289,346
43,162,205
77,202,279
72,276,348
86,241,327
68,202,270
83,233,316
86,344,430
133,719,852
134,734,868
86,451,537
83,363,446
45,254,299
42,209,251
29,137,166
13,57,70
16,33,49
12,9,21
6,8,14
0,11,11
1,33,34
14,168,182
40,475,515
49,696,745
57,304,361
74,181,255
109,225,334
108,252,360
98,297,395
108,242,350
131,260,391
151,417,568
124,688,812
99,570,669
91,392,483
73,264,337
49,209,258
57,194,251
41,133,174
30,118,148
20,84,104
13,56,69
10,23,33
6,8,14
1,11,12
12,38,50
28,67,95
33,162,195
79,213,292
177,275,452
235,351,586
276,366,642
332,372,704
361,369,730
356,316,672
331,311,642
279,347,626
254,391,645
203,229,432
118,197,315
81,178,259
104,234,338
71,168,239
10,76,86
0,34,34
3,13,16
0,4,4
1,5,6
4,41,45
5,136,141
33,369,402
19,675,694
24,274,298
49,155,204
42,193,235
72,238,310
76,240,316
55,199,254
45,213,258
36,186,222
25,202,227
10,100,110
4,41,45
1,38,39
12,73,85
1,22,23
6,67,73
5,81,86
15,61,76
3,38,41
8,18,26
2,11,13
1,11,12
5,31,36
9,77,86
30,180,210
89,243,332
145,348,493
179,357,536
250,418,668
279,400,679
259,388,647
297,405,702
275,369,644
248,338,586
171,341,512
185,369,554
139,260,399
96,220,316
52,176,228
53,185,238
27,142,169
21,100,121
22,67,89
16,34,50
1,12,13
1,11,12
6,16,22
6,29,35
30,110,140
70,230,300
127,277,404
199,312,511
276,408,684
265,421,686
267,411,678
236,408,644
226,436,662
192,386,578
153,343,496
116,337,453
84,230,314
66,180,246
61,165,226
26,82,108
11,38,49
4,10,14
1,10,11
0,5,5
2,6,8
2,33,35
4,135,139
13,504,517
22,643,665
38,244,282
67,120,187
71,168,239
62,220,282
85,189,274
84,186,270
77,215,292
73,375,448
101,733,834
103,719,822
91,554,645
71,390,461
40,225,265
41,127,168
8,78,86
6,28,34
2,18,20
0,8,8
0,5,5
1,4,5
1,35,36
7,177,184
29,540,569
30,680,710
50,285,335
58,118,176
65,162,227
45,202,247
66,201,267
82,194,276
54,218,272
91,382,473
86,764,850
111,679,790
68,445,513
44,371,415
30,253,283
22,171,193
20,93,113
3,46,49
6,21,27
4,7,11
0,8,8
3,7,10
1,37,38
7,165,172
16,531,547
31,637,668
35,268,303
55,148,203
65,161,226
80,235,315
73,230,303
111,191,302
75,225,300
107,345,452
72,652,724
94,688,782
52,486,538
59,349,408
38,260,298
27,221,248
13,110,123
9,50,59
5,17,22
0,12,12
0,5,5
0,6,6
0,34,34
5,165,170
20,506,526
20,661,681
37,300,337
56,154,210
67,170,237
62,274,336
65,250,315
67,198,265
99,234,333
77,389,466
91,778,869
110,703,813
65,537,602
76,402,478
30,283,313
35,193,228
42,135,177
18,59,77
4,25,29
2,17,19
0,8,8
1,9,10
1,28,29
8,131,139
19,409,428
37,663,700
47,335,382
62,187,249
65,199,264
89,280,369
129,287,416
128,245,373
98,299,397
111,412,523
114,679,793
147,576,723
95,460,555
117,291,408
83,256,339
61,230,291
52,163,215
54,152,206
34,89,123
21,68,89
12,28,40
2,6,8
4,15,19
17,63,80
26,61,87
42,202,244
99,241,340
168,298,466
218,351,569
196,335,531
236,349,585
239,354,593
218,337,555
219,315,534
238,257,495
175,276,451
128,232,360
125,238,363
105,211,316
63,151,214
69,161,230
33,125,158
32,84,116
17,56,73
6,23,29
1,9,10
3,10,13
3,27,30
21,41,62
59,122,181
91,175,266
148,265,413
184,315,499
173,329,502
204,288,492
186,314,500
159,316,475
173,335,508
184,337,521
164,326,490
115,260,375
113,250,363
83,170,253
42,117,159
30,80,110
8,33,41
9,15,24
5,12,17
2,4,6
0,7,7
1,36,37
8,136,144
25,478,503
38,613,651
57,259,316
52,95,147
59,143,202
63,198,261
63,185,248
66,193,259
72,187,259
87,340,427
85,715,800
105,726,831
89,507,596
61,333,394
32,218,250
22,142,164
8,72,80
2,26,28
5,11,16
0,6,6
3,9,12
0,4,4
1,28,29
6,130,136
16,287,303
15,598,613
31,254,285
29,96,125
8,57,65
19,76,95
11,48,59
12,48,60
22,94,116
30,209,239
56,625,681
57,596,653
47,444,491
36,350,386
41,233,274
19,188,207
11,78,89
7,27,34
7,21,28
0,4,4
1,7,8
1,9,10
2,38,40
6,188,194
25,480,505
41,672,713
54,298,352
64,134,198
64,182,246
93,241,334
52,203,255
98,222,320
65,216,281
72,320,392
75,782,857
104,640,744
123,548,671
86,362,448
79,317,396
29,209,238
25,128,153
3,45,48
4,17,21
1,8,9
1,4,5
0,6,6
0,40,40
12,169,181
26,480,506
37,682,719
45,312,357
47,132,179
60,168,228
55,210,265
71,213,284
84,214,298
111,213,324
70,368,438
117,750,867
107,716,823
96,483,579
84,351,435
67,270,337
46,196,242
36,136,172
26,68,94
9,42,51
0,15,15
2,3,5
1,13,14
2,31,33
9,142,151
17,413,430
44,609,653
58,308,366
56,160,216
106,180,286
111,292,403
121,272,393
121,255,376
107,270,377
132,426,558
125,698,823
121,572,693
98,369,467
89,296,385
83,250,333
79,242,321
46,176,222
25,112,137
16,79,95
12,55,67
8,19,27
3,5,8
2,21,23
11,36,47
10,68,78
47,157,204
88,279,367
139,296,435
213,353,566
254,349,603
293,324,617
264,309,573
295,288,583
238,304,542
244,349,593
256,315,571
184,277,461
123,229,352
98,192,290
91,189,280
49,134,183
31,117,148
21,67,88
19,55,74
6,22,28
2,16,18
4,13,17
7,16,23
18,30,48
24,95,119
91,183,274
148,288,436
196,350,546
260,355,615
267,347,614
255,327,582
203,260,463
240,340,580
232,361,593
203,310,513
146,244,390
101,201,302
76,170,246
55,98,153
29,79,108
12,28,40
9,5,14
3,6,9
1,3,4
0,9,9
1,22,23
0,37,37
10,135,145
27,447,474
28,222,250
13,78,91
25,96,121
29,139,168
51,174,225
59,160,219
61,176,237
53,279,332
54,669,723
47,595,642
52,411,463
45,317,362
35,238,273
21,143,164
17,57,74
5,30,35
1,13,14
1,14,15
1,7,8
1,9,10
3,34,37
9,152,161
18,462,480
40,633,673
40,288,328
44,136,180
56,174,230
70,222,292
69,203,272
61,166,227
72,187,259
48,286,334
86,725,811
91,704,795
82,432,514
59,399,458
37,239,276
51,240,291
23,102,125
27,122,149
12,81,93
21,69,90
6,27,33
0,4,4
3,7,10
8,19,27
13,37,50
36,106,142
51,168,219
98,268,366
121,256,377
114,319,433
111,309,420
98,346,444
101,244,345
85,228,313
90,323,413
95,275,370
103,279,382
88,244,332
77,181,258
41,110,151
22,88,110
12,31,43
3,14,17
1,14,15
0,5,5
2,10,12
3,37,40
4,132,136
8,390,398
20,548,568
56,239,295
70,104,174
67,134,201
74,183,257
74,162,236
79,151,230
59,175,234
61,304,365
82,665,747
72,658,730
71,510,581
38,357,395
17,241,258
19,169,188
12,90,102
9,44,53
5,9,14
2,8,10
0,2,2
0,6,6
2,33,35
5,149,154
21,462,483
42,604,646
46,226,272
56,153,209
66,151,217
74,198,272
80,203,283
69,241,310
71,330,401
90,437,527
102,620,722
85,542,627
66,431,497
80,296,376
36,160,196
26,151,177
19,152,171
19,140,159
27,96,123
27,66,93
9,23,32
5,11,16
5,14,19
9,23,32
10,62,72
43,110,153
90,203,293
143,304,447
164,321,485
164,330,494
177,322,499
190,357,547
155,299,454
163,226,389
161,253,414
159,271,430
177,255,432
237,314,551
222,362,584
175,327,502
31,152,183
17,71,88
6,24,30
4,14,18
2,5,7
0,7,7
1,28,29
3,130,133
27,316,343
36,514,550
47,246,293
69,117,186
107,137,244
88,188,276
129,181,310
87,154,241
71,183,254
109,324,433
114,575,689
96,511,607
128,375,503
78,243,321
91,232,323
63,162,225
32,99,131
39,63,102
7,22,29
4,13,17
1,6,7
2,4,6
4,31,35
4,127,131
20,333,353
28,557,585
55,249,304
80,130,210
92,141,233
111,220,331
99,194,293
91,184,275
79,206,285
69,300,369
90,486,576
106,454,560
112,306,418
91,245,336
77,223,300
78,210,288
27,137,164
35,115,150
16,55,71
11,47,58
12,19,31
3,13,16
2,12,14
4,27,31
8,63,71
32,120,152
69,187,256
100,225,325
122,245,367
124,218,342
116,244,360
105,203,308
113,193,306
102,192,294
103,176,279
83,194,277
68,219,287
79,197,276
51,150,201
56,164,220
34,114,148
22,125,147
25,99,124
11,59,70
1,34,35
2,11,13
1,5,6
5,16,21
19,33,52
35,95,130
70,172,242
85,234,319
120,269,389
105,271,376
118,219,337
77,235,312
80,218,298
65,226,291
68,202,270
54,199,253
66,184,250
79,206,285
58,149,207
12,110,122
25,98,123
6,33,39
5,13,18
1,4,5
0,5,5
1,1,2
1,27,28
6,86,92
7,223,230
26,429,455
38,325,363
58,117,175
72,144,216
61,205,266
67,188,255
58,184,242
66,214,280
88,325,413
108,741,849
82,790,872
88,543,631
69,378,447
33,298,331
35,189,224
22,109,131
16,53,69
0,15,15
1,15,16
0,3,3
0,4,4
3,39,42
4,183,187
31,489,520
34,615,649
47,284,331
56,134,190
92,157,249
69,203,272
77,203,280
71,171,242
77,188,265
89,346,435
103,769,872
70,749,819
55,359,414
9,75,84
7,83,90
14,125,139
29,74,103
6,38,44
3,11,14
0,5,5
0,5,5
1,6,7
5,36,41
17,168,185
26,471,497
30,644,674
30,298,328
47,148,195
56,173,229
69,223,292
65,208,273
66,175,241
56,220,276
53,358,411
90,740,830
79,735,814
73,560,633
73,410,483
69,322,391
41,203,244
20,132,152
1,55,56
0,21,21
0,9,9
0,10,10
0,5,5
4,40,44
7,171,178
32,480,512
49,653,702
42,285,327
69,145,214
49,166,215
71,221,292
52,225,277
42,167,209
63,208,271
69,370,439
91,704,795
86,739,825
97,532,629
75,439,514
44,329,373
56,262,318
33,178,211
19,76,95
17,42,59
2,15,17
2,7,9
0,11,11
4,30,34
7,120,127
27,353,380
53,660,713
70,344,414
78,190,268
68,220,288
125,254,379
100,274,374
120,249,369
92,261,353
111,381,492
138,697,835
108,523,631
103,385,488
95,294,389
76,223,299
59,204,263
37,175,212
35,156,191
13,105,118
10,91,101
9,31,40
3,6,9
0,5,5
6,29,35
7,41,48
33,118,151
82,200,282
123,278,401
143,296,439
181,318,499
219,372,591
269,363,632
243,317,560
226,340,566
199,259,458
108,243,351
156,275,431
101,255,356
69,200,269
65,160,225
55,156,211
40,147,187
49,119,168
29,86,115
15,42,57
8,11,19
2,7,9
6,9,15
17,30,47
37,96,133
58,163,221
141,241,382
170,281,451
153,336,489
171,309,480
162,314,476
182,307,489
152,343,495
122,314,436
84,228,312
109,203,312
95,199,294
59,164,223
34,96,130
25,66,91
11,32,43
1,10,11
4,11,15
2,4,6
1,11,12
10,40,50
8,132,140
24,459,483
48,619,667
51,297,348
69,117,186
57,125,182
79,158,237
63,176,239
53,159,212
61,176,237
77,309,386
86,669,755
97,697,794
92,503,595
66,388,454
45,283,328
56,228,284
27,139,166
10,43,53
4,21,25
1,6,7
0,3,3
0,7,7
7,31,38
16,197,213
26,500,526
43,618,661
32,288,320
37,122,159
60,146,206
80,174,254
53,168,221
54,160,214
57,187,244
64,317,381
95,675,770
60,712,772
69,478,547
52,375,427
50,283,333
29,215,244
22,139,161
8,45,53
2,14,16
3,5,8
2,2,4
0,6,6
5,41,46
10,152,162
23,472,495
55,624,679
44,253,297
39,99,138
47,136,183
36,166,202
49,154,203
54,116,170
42,152,194
34,190,224
35,335,370
63,580,643
78,438,516
56,310,366
53,266,319
42,246,288
19,112,131
16,50,66
6,19,25
0,7,7
1,4,5
0,8,8
5,35,40
8,144,152
23,450,473
32,625,657
36,282,318
41,157,198
54,162,216
59,215,274
74,180,254
46,151,197
66,226,292
70,288,358
93,678,771
93,684,777
53,480,533
65,440,505
38,294,332
6,62,68
3,62,65
3,44,47
5,28,33
0,13,13
0,7,7
1,3,4
3,46,49
6,179,185
19,468,487
32,649,681
34,316,350
61,175,236
54,180,234
75,209,284
59,221,280
88,175,263
89,206,295
93,386,479
103,734,837
105,786,891
88,564,652
65,448,513
36,284,320
37,251,288
18,134,152
8,55,63
6,36,42
3,8,11
0,6,6
0,9,9
4,37,41
6,177,183
21,452,473
21,718,739
31,312,343
51,130,181
59,167,226
56,230,286
98,212,310
54,171,225
68,202,270
71,335,406
90,775,865
86,681,767
98,509,607
51,376,427
41,301,342
35,227,262
25,152,177
15,56,71
11,32,43
0,14,14
1,5,6
1,11,12
2,35,37
5,158,163
25,396,421
32,636,668
69,327,396
82,167,249
77,186,263
95,243,338
98,247,345
102,229,331
112,268,380
112,380,492
95,646,741
98,573,671
81,388,469
89,300,389
54,224,278
46,156,202
26,170,196
24,137,161
23,99,122
20,64,84
11,19,30
2,11,13
1,16,17
12,37,49
18,49,67
49,132,181
61,217,278
108,288,396
155,315,470
222,325,547
195,332,527
183,289,472
205,284,489
197,253,450
179,313,492
169,321,490
133,264,397
117,195,312
96,193,289
104,165,269
61,161,222
32,121,153
8,79,87
5,68,73
9,32,41
3,11,14
1,18,19
7,12,19
18,50,68
27,81,108
61,168,229
111,253,364
155,282,437
161,330,491
208,315,523
161,365,526
164,286,450
143,278,421
122,260,382
75,154,229
46,139,185
53,140,193
51,157,208
57,100,157
29,58,87
9,24,33
1,10,11
0,5,5
0,5,5
3,8,11
2,23,25
4,137,141
14,393,407
27,578,605
28,248,276
54,159,213
108,152,260
72,213,285
85,204,289
99,188,287
91,183,274
88,363,451
112,746,858
100,743,843
109,531,640
89,368,457
72,245,317
50,157,207
16,97,113
15,32,47
2,16,18
6,7,13
0,6,6
2,7,9
3,33,36
3,176,179
21,481,502
41,664,705
44,283,327
89,161,250
84,130,214
86,197,283
68,185,253
76,185,261
100,206,306
101,344,445
125,743,868
103,711,814
104,506,610
74,374,448
70,247,317
43,181,224
18,120,138
12,46,58
3,20,23
1,5,6
1,6,7
1,6,7
3,40,43
4,169,173
24,458,482
48,689,737
33,308,341
63,151,214
80,159,239
63,217,280
101,212,313
63,173,236
110,168,278
113,328,441
107,751,858
117,745,862
119,567,686
76,424,500
70,311,381
35,198,233
16,120,136
16,51,67
5,23,28
2,12,14
1,5,6
0,10,10
4,37,41
5,162,167
24,451,475
28,670,698
54,299,353
72,133,205
94,166,260
85,192,277
80,201,281
86,161,247
63,204,267
97,320,417
111,699,810
78,733,811
90,533,623
91,387,478
50,286,336
41,218,259
19,137,156
17,68,85
6,35,41
6,14,20
3,6,9
0,7,7
4,29,33
3,41,44
5,128,133
7,112,119
21,199,220
27,166,193
73,178,251
75,240,315
66,224,290
71,236,307
100,224,324
96,371,467
111,619,730
88,552,640
98,394,492
55,315,370
50,236,286
50,168,218
33,159,192
38,142,180
32,84,116
19,66,85
2,19,21
3,7,10
2,9,11
5,18,23
8,54,62
30,132,162
54,217,271
125,282,407
203,296,499
214,332,546
228,341,569
248,290,538
246,316,562
227,304,531
220,292,512
107,193,300
97,178,275
31,129,160
26,102,128
40,128,168
42,121,163
24,96,120
21,92,113
19,67,86
11,37,48
2,8,10
1,9,10
2,14,16
9,30,39
35,84,119
64,153,217
88,240,328
167,282,449
163,342,505
178,365,543
213,366,579
235,342,577
213,300,513
186,319,505
164,327,491
148,317,465
96,204,300
78,142,220
40,141,181
25,85,110
14,33,47
3,11,14
1,8,9
1,5,6
0,11,11
3,33,36
4,155,159
11,425,436
25,648,673
40,265,305
88,111,199
94,151,245
96,180,276
79,175,254
85,163,248
80,194,274
116,348,464
102,716,818
103,709,812
88,467,555
58,374,432
44,246,290
44,148,192
28,100,128
12,48,60
8,19,27
2,9,11
0,3,3
0,5,5
1,35,36
1,63,64
1,178,179
27,591,618
48,354,402
53,155,208
69,127,196
93,207,300
83,203,286
80,175,255
84,199,283
95,363,458
78,734,812
97,757,854
94,533,627
65,371,436
56,252,308
28,161,189
53,114,167
8,52,60
6,31,37
1,7,8
1,10,11
0,4,4
4,35,39
12,160,172
25,467,492
40,642,682
57,310,367
70,163,233
80,155,235
77,230,307
88,206,294
94,161,255
70,196,266
91,340,431
102,749,851
80,768,848
124,525,649
72,355,427
49,266,315
29,197,226
18,120,138
13,63,76
3,18,21
0,15,15
0,4,4
2,3,5
7,30,37
3,162,165
16,448,464
33,649,682
41,296,337
78,121,199
83,191,274
96,247,343
81,219,300
72,176,248
63,197,260
79,340,419
130,767,897
109,723,832
119,558,677
100,414,514
83,273,356
69,185,254
58,168,226
21,67,88
16,38,54
4,15,19
0,6,6
0,9,9
2,34,36
6,151,157
11,368,379
43,625,668
58,320,378
82,149,231
98,205,303
110,255,365
103,254,357
128,200,328
127,256,383
116,372,488
144,647,791
108,561,669
88,403,491
97,262,359
57,198,255
43,170,213
21,100,121
6,99,105
14,78,92
4,39,43
7,23,30
5,8,13
2,7,9
4,23,27
12,52,64
28,161,189
81,211,292
166,314,480
180,356,536
266,388,654
289,355,644
242,356,598
250,346,596
287,354,641
256,379,635
225,329,554
164,324,488
99,242,341
90,248,338
90,171,261
60,175,235
44,143,187
29,102,131
16,103,119
21,34,55
4,22,26
3,8,11
5,15,20
12,29,41
34,90,124
86,184,270
138,287,425
83,189,272
112,186,298
50,112,162
41,108,149
89,187,276
97,259,356
76,267,343
86,291,377
72,269,341
61,213,274
36,154,190
6,50,56
7,39,46
22,146,168
11,68,79
8,61,69
6,29,35
3,9,12
2,20,22
13,23,36
8,58,66
28,134,162
62,175,237
128,289,417
219,273,492
187,284,471
237,267,504
240,274,514
257,306,563
209,253,462
205,258,463
184,258,442
157,235,392
67,140,207
21,83,104
21,57,78
57,88,145
27,72,99
15,58,73
28,56,84
9,33,42
7,15,22
2,10,12
2,13,15
13,29,42
30,99,129
88,144,232
158,230,388
226,263,489
248,297,545
263,230,493
249,208,457
179,176,355
222,252,474
219,284,503
227,273,500
140,152,292
63,41,104
79,92,171
66,100,166
53,70,123
42,62,104
18,37,55
10,30,40
6,22,28
6,5,11
1,3,4
3,12,15
6,37,43
36,91,127
71,158,229
135,224,359
187,272,459
191,352,543
209,357,566
163,349,512
168,281,449
165,335,500
181,317,498
145,337,482
73,301,374
78,183,261
42,142,184
17,104,121
12,58,70
10,19,29
15,9,24
1,4,5
1,9,10
0,8,8
1,37,38
7,165,172
13,480,493
15,617,632
30,293,323
42,130,172
39,159,198
54,233,287
72,203,275
72,202,274
68,224,292
61,397,458
110,746,856
94,745,839
50,502,552
47,338,385
28,240,268
25,154,179
12,83,95
10,27,37
2,11,13
0,9,9
0,4,4
2,3,5
1,39,40
7,203,210
11,489,500
33,692,725
27,263,290
54,181,235
61,156,217
49,217,266
50,184,234
34,177,211
41,204,245
86,344,430
83,780,863
82,757,839
64,598,662
55,357,412
18,278,296
38,181,219
24,126,150
30,35,65
2,16,18
1,7,8
0,9,9
0,8,8
3,35,38
11,189,200
21,461,482
24,622,646
8,115,123
9,40,49
10,52,62
11,126,137
39,152,191
38,178,216
42,228,270
42,374,416
67,741,808
74,761,835
54,504,558
50,356,406
32,240,272
24,193,217
19,150,169
17,79,96
10,19,29
1,10,11
0,9,9
1,7,8
1,39,40
5,135,140
21,465,486
29,690,719
33,311,344
53,171,224
81,215,296
76,247,323
71,283,354
66,187,253
66,265,331
75,395,470
88,684,772
95,697,792
70,498,568
51,340,391
55,246,301
52,247,299
28,220,248
20,130,150
10,107,117
9,68,77
3,40,43
3,8,11
2,13,15
8,26,34
11,71,82
33,197,230
87,261,348
100,322,422
173,405,578
220,474,694
233,435,668
260,366,626
175,337,512
19,95,114
52,119,171
27,140,167
28,187,215
28,166,194
26,155,181
18,176,194
12,121,133
18,106,124
20,104,124
15,81,96
14,32,46
12,16,28
16,39,55
11,24,35
20,50,70
27,143,170
85,214,299
172,323,495
194,391,585
247,510,757
238,491,729
232,415,647
284,412,696
228,473,701
213,458,671
156,404,560
134,362,496
91,265,356
57,149,206
64,125,189
22,70,92
6,35,41
7,11,18
11,6,17
5,7,12
1,4,5
4,36,40
8,172,180
20,427,447
33,697,730
40,321,361
42,168,210
69,167,236
76,256,332
72,251,323
107,233,340
115,231,346
108,380,488
127,744,871
111,857,968
71,562,633
34,356,390
29,256,285
15,144,159
7,86,93
5,27,32
0,10,10
1,5,6
1,7,8
1,8,9
3,41,44
11,200,211
24,572,596
48,702,750
35,323,358
54,142,196
60,187,247
62,254,316
72,256,328
74,181,255
73,253,326
99,437,536
168,802,970
110,767,877
56,540,596
40,421,461
28,282,310
27,189,216
18,91,109
8,41,49
2,19,21
2,9,11
0,7,7
0,5,5
4,44,48
6,199,205
24,533,557
43,727,770
50,278,328
57,148,205
51,181,232
88,264,352
85,238,323
78,200,278
75,243,318
90,419,509
114,811,925
91,886,977
78,557,635
38,432,470
27,279,306
23,189,212
16,111,127
11,46,57
6,22,28
0,9,9
2,9,11
0,6,6
3,54,57
9,186,195
22,549,571
33,725,758
46,292,338
63,149,212
71,183,254
57,240,297
60,223,283
60,214,274
99,253,352
85,406,491
97,787,884
108,744,852
80,594,674
55,408,463
26,291,317
28,223,251
33,137,170
24,63,87
6,35,41
7,23,30
5,9,14
1,11,12
1,40,41
8,144,152
17,437,454
51,715,766
46,301,347
75,171,246
84,196,280
119,290,409
107,301,408
113,258,371
94,273,367
109,454,563
137,757,894
116,692,808
83,496,579
67,337,404
42,270,312
40,189,229
27,168,195
38,169,207
8,101,109
18,75,93
6,31,37
3,3,6
1,15,16
6,27,33
10,63,73
43,169,212
79,263,342
119,323,442
228,399,627
287,419,706
327,377,704
325,390,715
312,342,654
350,433,783
295,434,729
232,382,614
169,309,478
89,241,330
86,210,296
82,197,279
47,182,229
28,123,151
35,82,117
27,62,89
10,38,48
2,6,8
3,10,13
9,26,35
28,43,71
34,94,128
70,226,296
160,330,490
183,376,559
188,468,656
240,454,694
225,410,635
215,342,557
194,402,596
177,393,570
120,361,481
91,312,403
57,267,324
43,148,191
18,109,127
9,85,94
14,31,45
9,12,21
5,8,13
0,7,7
2,9,11
1,44,45
7,157,164
18,474,492
36,647,683
34,265,299
73,129,202
61,191,252
62,233,295
112,231,343
129,203,332
82,256,338
74,379,453
102,740,842
66,708,774
51,435,486
32,308,340
28,205,233
20,109,129
4,66,70
2,11,13
0,5,5
0,4,4
0,6,6
2,5,7
3,45,48
4,163,167
13,343,356
32,640,672
27,266,293
30,130,160
36,115,151
16,72,88
17,97,114
27,116,143
1,35,36
19,122,141
36,302,338
19,262,281
22,302,324
19,271,290
21,186,207
14,137,151
11,67,78
3,23,26
0,12,12
0,3,3
1,4,5
0,10,10
2,54,56
6,166,172
16,529,545
39,758,797
26,336,362
23,169,192
44,203,247
53,260,313
55,234,289
59,227,286
57,254,311
69,397,466
74,812,886
85,807,892
72,539,611
31,378,409
25,324,349
31,198,229
17,106,123
6,39,45
5,13,18
6,6,12
1,6,7
0,10,10
2,34,36
8,147,155
13,470,483
40,744,784
26,314,340
44,135,179
76,196,272
61,262,323
80,225,305
51,193,244
95,234,329
51,408,459
65,791,856
42,571,613
33,483,516
11,251,262
13,205,218
17,190,207
17,88,105
1,30,31
0,11,11
0,2,2
1,4,5
2,8,10
1,42,43
3,176,179
4,256,260
6,128,134
3,83,86
3,42,45
7,92,99
6,98,104
6,148,154
16,147,163
14,195,209
46,328,374
38,677,715
48,639,687
27,368,395
20,286,306
24,265,289
28,212,240
11,87,98
5,47,52
3,16,19
2,7,9
0,7,7
2,9,11
2,32,34
4,173,177
11,504,515
28,781,809
30,332,362
29,146,175
52,178,230
69,289,358
55,224,279
56,195,251
59,260,319
42,436,478
84,833,917
54,756,810
49,544,593
48,449,497
14,195,209
9,232,241
21,199,220
11,65,76
2,23,25
3,10,13
5,6,11
0,10,10
2,37,39
1,132,133
12,379,391
27,711,738
40,319,359
27,150,177
38,176,214
57,231,288
63,231,294
56,211,267
77,248,325
86,411,497
112,789,901
75,812,887
67,467,534
50,391,441
33,288,321
29,203,232
18,137,155
16,86,102
3,43,46
1,10,11
5,11,16
0,11,11
0,41,41
4,133,137
11,417,428
36,749,785
58,326,384
68,192,260
90,214,304
161,307,468
117,307,424
113,287,400
150,320,470
153,481,634
158,742,900
106,655,761
67,433,500
66,306,372
47,220,267
63,201,264
23,148,171
37,154,191
25,116,141
13,62,75
2,54,56
4,7,11
2,8,10
2,28,30
13,71,84
22,184,206
130,265,395
198,341,539
258,389,647
362,381,743
310,400,710
269,307,576
279,341,620
317,342,659
268,342,610
183,312,495
102,239,341
75,172,247
78,137,215
45,140,185
37,142,179
28,99,127
29,80,109
10,64,74
5,17,22
5,6,11
2,8,10
4,19,23
6,29,35
11,51,62
16,70,86
41,144,185
76,260,336
100,292,392
80,240,320
71,243,314
74,232,306
87,246,333
35,122,157
24,82,106
17,97,114
19,97,116
22,91,113
7,72,79
12,68,80
7,44,51
2,35,37
3,12,15
2,8,10
1,6,7
2,17,19
5,54,59
3,151,154
23,374,397
59,273,332
69,229,298
72,236,308
74,267,341
82,323,405
121,299,420
76,294,370
61,316,377
81,416,497
41,415,456
38,333,371
20,207,227
17,134,151
6,101,107
9,60,69
9,22,31
0,13,13
2,5,7
0,3,3
1,6,7
0,19,19
2,141,143
5,357,362
15,698,713
37,345,382
33,131,164
37,156,193
43,217,260
54,184,238
43,201,244
59,195,254
70,354,424
73,733,806
26,758,784
31,483,514
30,330,360
16,209,225
7,155,162
8,76,84
0,33,33
2,6,8
2,6,8
0,6,6
0,6,6
2,38,40
3,172,175
9,498,507
33,806,839
35,331,366
27,190,217
53,238,291
78,312,390
60,237,297
63,208,271
58,261,319
92,474,566
91,857,948
57,787,844
32,534,566
21,371,392
18,251,269
27,170,197
17,119,136
1,41,42
1,10,11
4,7,11
0,3,3
0,10,10
0,42,42
1,158,159
11,467,478
25,773,798
27,328,355
39,165,204
76,175,251
47,279,326
48,243,291
78,270,348
102,358,460
68,413,481
90,737,827
64,628,692
81,662,743
27,388,415
24,236,260
10,167,177
10,176,186
8,60,68
8,29,37
0,16,16
0,6,6
0,8,8
2,33,35
3,140,143
8,384,392
34,711,745
26,374,400
75,200,275
61,252,313
75,312,387
81,300,381
109,262,371
138,317,455
108,412,520
131,706,837
76,566,642
40,453,493
28,280,308
21,169,190
17,143,160
11,89,100
31,218,249
23,123,146
7,60,67
2,13,15
2,9,11
0,11,11
5,23,28
10,60,70
23,151,174
46,220,266
82,265,347
192,335,527
202,371,573
235,435,670
243,354,597
251,364,615
294,343,637
193,335,528
174,299,473
73,259,332
57,198,255
47,157,204
33,156,189
27,98,125
8,103,111
16,96,112
8,58,66
3,25,28
2,10,12
5,6,11
4,20,24
7,44,51
28,104,132
62,161,223
150,278,428
156,338,494
200,362,562
218,401,619
249,368,617
213,355,568
203,378,581
193,346,539
134,319,453
68,268,336
48,198,246
40,156,196
38,87,125
27,78,105
17,31,48
5,24,29
1,5,6
2,2,4
1,9,10
2,38,40
6,141,147
15,461,476
24,713,737
31,328,359
43,125,168
88,175,263
73,211,284
37,109,146
57,128,185
70,190,260
76,371,447
96,670,766
52,540,592
12,227,239
19,237,256
16,190,206
8,118,126
9,72,81
3,45,48
4,9,13
2,1,3
0,2,2
0,7,7
5,47,52
4,168,172
20,505,525
35,800,835
32,323,355
65,157,222
56,172,228
69,256,325
68,260,328
94,214,308
76,270,346
79,367,446
104,839,943
71,767,838
40,491,531
35,397,432
19,176,195
18,163,181
23,176,199
1,48,49
3,14,17
4,12,16
0,7,7
0,4,4
2,39,41
7,171,178
15,449,464
38,779,817
38,344,382
60,168,228
78,156,234
71,261,332
73,237,310
82,188,270
62,239,301
70,396,466
122,766,888
90,794,884
49,467,516
54,360,414
28,301,329
17,198,215
15,84,99
4,53,57
0,14,14
1,13,14
0,5,5
0,5,5
1,41,42
3,150,153
20,488,508
31,803,834
41,346,387
60,158,218
79,189,268
93,284,377
96,236,332
94,191,285
69,284,353
94,356,450
102,788,890
68,720,788
42,471,513
39,348,387
38,245,283
27,202,229
6,111,117
5,51,56
4,12,16
1,9,10
0,5,5
1,5,6
1,35,36
5,126,131
5,149,154
20,447,467
26,363,389
26,198,224
41,211,252
74,258,332
87,288,375
88,277,365
93,302,395
131,434,565
48,377,425
21,212,233
19,213,232
13,216,229
17,189,206
14,176,190
13,118,131
8,52,60
8,22,30
10,10,20
5,10,15
2,8,10
1,39,40
2,146,148
6,414,420
12,668,680
21,310,331
13,133,146
14,156,170
23,198,221
49,199,248
31,154,185
35,179,214
31,313,344
37,652,689
50,628,678
28,424,452
16,280,296
29,238,267
27,175,202
8,112,120
10,40,50
5,19,24
3,7,10
0,3,3
1,6,7
1,25,26
2,120,122
8,349,357
31,656,687
27,355,382
21,183,204
42,179,221
52,240,292
64,230,294
63,199,262
51,255,306
48,373,421
57,581,638
32,490,522
38,336,374
14,207,221
23,133,156
14,135,149
11,108,119
9,99,108
6,83,89
10,36,46
6,22,28
8,8,16
1,8,9
4,17,21
1,58,59
10,132,142
31,188,219
68,260,328
56,284,340
74,320,394
110,339,449
136,319,455
117,331,448
108,292,400
112,298,410
58,239,297
22,217,239
23,158,181
31,135,166
13,133,146
15,133,148
5,97,102
26,139,165
6,31,37
1,10,11
2,7,9
0,5,5
2,14,16
11,39,50
34,115,149
56,161,217
73,287,360
134,311,445
150,354,504
122,371,493
149,360,509
149,300,449
119,316,435
57,270,327
31,206,237
24,203,227
7,134,141
16,71,87
15,64,79
12,41,53
3,20,23
0,8,8
2,4,6
1,3,4
5,11,16
1,38,39
4,135,139
8,453,461
19,629,648
18,239,257
30,112,142
31,119,150
38,206,244
39,183,222
31,165,196
24,207,231
35,325,360
34,604,638
19,523,542
11,361,372
13,228,241
8,144,152
4,111,115
0,53,53
1,18,19
0,8,8
0,2,2
0,4,4
0,7,7
1,40,41
6,143,149
9,378,387
20,568,588
25,338,363
41,189,230
39,177,216
31,217,248
46,232,278
44,196,240
45,227,272
33,369,402
30,597,627
20,477,497
15,356,371
10,218,228
14,137,151
17,136,153
19,186,205
49,234,283
6,86,92
6,68,74
2,9,11
0,9,9
0,27,27
3,115,118
5,314,319
18,583,601
17,351,368
27,151,178
15,132,147
24,188,212
23,158,181
19,142,161
20,178,198
23,250,273
16,501,517
17,448,465
17,302,319
7,249,256
5,121,126
4,56,60
3,37,40
1,14,15
1,11,12
1,5,6
1,9,10
0,35,35
2,122,124
12,411,423
16,652,668
22,253,275
13,148,161
16,155,171
33,202,235
33,195,228
33,149,182
32,201,233
18,321,339
36,556,592
16,491,507
14,359,373
10,235,245
11,222,233
14,147,161
5,82,87
9,46,55
3,17,20
1,11,12
3,6,9
0,14,14
2,25,27
5,126,131
9,332,341
25,668,693
23,304,327
34,163,197
66,185,251
48,214,262
62,237,299
67,207,274
78,278,356
57,377,434
61,593,654
46,450,496
30,331,361
20,235,255
23,176,199
17,146,163
20,142,162
16,106,122
8,68,76
2,42,44
9,11,20
2,4,6
1,9,10
5,11,16
14,57,71
16,130,146
43,216,259
86,264,350
143,323,466
258,348,606
268,383,651
280,347,627
216,351,567
227,378,605
183,318,501
103,256,359
55,228,283
39,153,192
51,169,220
39,154,193
26,120,146
14,110,124
26,82,108
12,58,70
9,39,48
5,6,11
0,12,12
3,16,19
12,56,68
32,87,119
94,179,273
133,272,405
180,324,504
195,390,585
262,424,686
292,362,654
304,420,724
260,393,653
151,342,493
102,303,405
69,208,277
54,146,200
44,127,171
21,113,134
16,93,109
6,43,49
4,26,30
6,14,20
1,3,4
1,3,4
1,23,24
7,64,71
16,248,264
50,490,540
60,337,397
82,184,266
112,255,367
105,314,419
108,312,420
134,310,444
102,280,382
87,347,434
66,530,596
65,486,551
30,323,353
31,273,304
10,145,155
12,100,112
1,62,63
5,18,23
0,5,5
7,4,11
2,3,5
0,9,9
0,18,18
2,48,50
1,106,107
4,207,211
1,109,110
10,84,94
22,133,155
16,180,196
30,188,218
34,169,203
33,184,217
28,282,310
33,575,608
45,514,559
12,344,356
12,211,223
9,178,187
15,120,135
6,78,84
4,20,24
2,10,12
0,1,1
0,5,5
0,6,6
0,39,39
4,142,146
10,405,415
27,664,691
22,310,332
18,153,171
25,126,151
40,200,240
32,182,214
20,161,181
32,228,260
31,290,321
19,564,583
24,543,567
28,368,396
15,252,267
5,208,213
6,167,173
9,78,87
1,33,34
2,14,16
0,7,7
0,2,2
0,5,5
3,34,37
1,146,147
7,403,410
21,625,646
17,306,323
11,142,153
28,138,166
29,184,213
20,197,217
27,174,201
26,191,217
24,318,342
22,541,563
10,563,573
11,375,386
23,262,285
20,204,224
10,143,153
7,118,125
7,58,65
5,16,21
0,9,9
0,6,6
0,5,5
2,34,36
4,126,130
5,362,367
17,694,711
21,330,351
33,165,198
33,185,218
28,262,290
52,226,278
47,204,251
30,237,267
33,350,383
41,539,580
22,483,505
26,306,332
20,207,227
21,157,178
23,139,162
14,114,128
11,95,106
13,74,87
8,41,49
2,19,21
1,6,7
1,10,11
0,21,21
8,70,78
30,138,168
48,200,248
62,258,320
80,343,423
117,359,476
179,346,525
175,380,555
175,374,549
144,325,469
101,302,403
34,237,271
45,208,253
30,142,172
15,124,139
15,130,145
19,114,133
11,118,129
14,81,95
8,65,73
9,37,46
4,8,12
5,7,12
2,13,15
3,39,42
19,100,119
49,155,204
79,250,329
92,267,359
101,341,442
113,334,447
125,303,428
89,318,407
59,313,372
48,232,280
36,240,276
16,194,210
9,120,129
17,93,110
8,66,74
6,53,59
5,22,27
0,19,19
0,5,5
0,2,2
1,11,12
1,38,39
3,128,131
5,381,386
13,650,663
18,260,278
33,106,139
33,164,197
35,207,242
46,205,251
47,170,217
44,213,257
55,325,380
33,586,619
21,559,580
25,381,406
7,252,259
15,188,203
7,106,113
2,72,74
9,99,108
5,64,69
3,47,50
1,14,15
0,5,5
1,12,13
7,20,27
7,56,63
11,133,144
34,159,193
45,211,256
74,318,392
119,327,446
123,386,509
110,369,479
113,371,484
89,354,443
50,270,320
42,255,297
30,219,249
28,170,198
23,135,158
17,130,147
10,116,126
9,108,117
10,84,94
2,72,74
4,21,25
1,6,7
1,7,8
1,15,16
5,26,31
12,81,93
37,135,172
63,230,293
81,274,355
111,409,520
84,347,431
142,331,473
106,311,417
85,358,443
59,244,303
25,178,203
16,158,174
12,142,154
8,91,99
11,85,96
7,44,51
3,18,21
2,11,13
1,9,10
2,6,8
1,4,5
0,38,38
2,136,138
9,387,396
19,712,731
19,289,308
31,105,136
51,182,233
40,228,268
81,240,321
51,209,260
58,210,268
45,397,442
43,665,708
26,666,692
27,444,471
16,284,300
14,207,221
5,139,144
9,93,102
6,49,55
3,22,25
3,5,8
1,3,4
0,7,7
1,45,46
3,150,153
7,495,502
21,700,721
19,317,336
26,130,156
24,183,207
39,273,312
39,233,272
39,231,270
56,244,300
44,391,435
43,700,743
38,693,731
46,414,460
34,272,306
28,252,280
26,155,181
5,91,96
6,31,37
0,11,11
2,7,9
0,7,7
1,9,10
1,48,49
5,119,124
9,389,398
22,737,759
26,362,388
14,127,141
11,161,172
24,208,232
14,200,214
39,179,218
20,265,285
23,354,377
29,576,605
29,580,609
14,400,414
19,274,293
14,184,198
4,101,105
5,69,74
1,43,44
0,16,16
0,9,9
0,2,2
1,8,9
0,32,32
2,122,124
8,381,389
13,646,659
19,257,276
23,122,145
16,162,178
29,206,235
33,212,245
37,175,212
38,232,270
39,292,331
31,586,617
23,542,565
13,360,373
5,222,227
7,184,191
2,131,133
0,93,93
3,45,48
2,26,28
0,11,11
0,5,5
0,10,10
1,25,26
0,84,84
3,212,215
11,430,441
10,291,301
16,150,166
20,183,203
36,204,240
23,197,220
40,175,215
34,269,303
39,336,375
29,539,568
25,473,498
15,337,352
12,229,241
9,162,171
15,150,165
6,116,122
5,98,103
16,84,100
3,67,70
6,23,29
3,9,12
2,4,6
1,19,20
3,36,39
5,106,111
17,153,170
43,244,287
63,341,404
122,364,486
148,399,547
164,378,542
167,374,541
139,368,507
77,268,345
40,264,304
34,212,246
20,162,182
34,175,209
23,137,160
18,144,162
15,103,118
17,85,102
8,70,78
14,34,48
1,11,12
0,8,8
0,6,6
1,22,23
1,68,69
9,94,103
39,180,219
40,210,250
60,255,315
65,220,285
42,190,232
25,200,225
33,220,253
20,209,229
17,181,198
12,110,122
6,102,108
10,86,96
3,75,78
3,48,51
0,20,20
0,4,4
2,3,5
0,4,4
3,9,12
0,27,27
2,121,123
3,291,294
9,575,584
11,273,284
12,121,133
8,126,134
23,150,173
30,190,220
31,179,210
29,207,236
37,308,345
38,578,616
20,544,564
18,409,427
13,287,300
21,224,245
11,115,126
8,76,84
2,29,31
1,7,8
0,1,1
0,3,3
0,8,8
1,40,41
0,118,118
8,372,380
16,708,724
12,322,334
12,142,154
28,145,173
13,213,226
28,226,254
19,185,204
20,250,270
24,334,358
21,580,601
23,523,546
21,412,433
9,248,257
14,193,207
6,100,106
4,60,64
1,33,34
3,18,21
5,4,9
3,7,10
0,4,4
0,37,37
2,126,128
3,366,369
18,670,688
13,272,285
20,116,136
24,148,172
14,218,232
18,220,238
34,191,225
21,207,228
19,310,329
21,540,561
25,515,540
18,384,402
25,243,268
16,186,202
4,118,122
3,76,79
1,31,32
4,19,23
3,5,8
0,2,2
0,8,8
2,31,33
2,112,114
5,380,385
24,655,679
25,300,325
28,139,167
25,164,189
30,252,282
41,230,271
31,211,242
40,240,280
50,356,406
43,507,550
20,446,466
20,328,348
6,235,241
13,200,213
7,141,148
5,115,120
4,43,47
0,26,26
3,6,9
0,12,12
1,9,10
0,34,34
1,112,113
3,305,308
13,623,636
13,330,343
28,162,190
31,180,211
29,244,273
39,274,313
48,251,299
57,252,309
45,372,417
40,582,622
23,432,455
17,302,319
12,209,221
7,165,172
4,134,138
11,123,134
4,90,94
9,86,95
6,63,69
5,18,23
1,5,6
0,3,3
0,11,11
1,47,48
8,111,119
17,203,220
23,250,273
66,327,393
89,364,453
88,368,456
92,334,426
95,352,447
85,328,413
35,274,309
40,232,272
32,225,257
23,178,201
15,169,184
22,134,156
11,108,119
8,102,110
14,82,96
8,79,87
1,37,38
1,10,11
0,9,9
0,6,6
5,22,27
12,76,88
19,113,132
42,215,257
47,248,295
67,350,417
67,289,356
50,260,310
46,292,338
66,334,400
29,214,243
8,99,107
10,99,109
14,108,122
14,92,106
6,83,89
4,29,33
2,26,28
1,14,15
1,4,5
0,3,3
2,3,5
0,24,24
1,107,108
5,314,319
10,582,592
11,271,282
15,120,135
22,148,170
21,211,232
16,194,210
12,169,181
15,196,211
15,287,302
17,478,495
14,493,507
7,333,340
8,192,200
6,114,120
5,49,54
6,41,47
0,18,18
0,15,15
2,5,7
0,5,5
3,5,8
0,36,36
1,117,118
4,351,355
10,652,662
19,307,326
22,162,184
58,211,269
49,264,313
51,235,286
56,191,247
28,218,246
40,323,363
39,533,572
13,512,525
19,334,353
4,264,268
9,159,168
5,127,132
1,80,81
6,35,41
1,14,15
1,2,3
0,5,5
1,6,7
2,29,31
3,109,112
3,360,363
13,665,678
8,309,317
17,147,164
31,169,200
33,203,236
30,183,213
33,185,218
28,209,237
37,297,334
26,536,562
23,546,569
7,329,336
10,231,241
4,164,168
12,117,129
4,84,88
